0	0	0	0	0	0	0	0	0	0	0	0	0	0	0	0	0	0	0	0	0	0	0	0	0	0	0	0	0	0	0	0	0	0	0	0	0	0	0	0	0	0	0	0	0	0	0	0	0	0	0	0	0	0	0	0	0	0	0	0	0	0	0	0	0	0	0	0	0	0	0	0	0	0	0	0	0	0	0	0	0	0	0	0	0	0	0	0	0	0	0	0	0	0	0	0	0	0	0	0	
0	0.0485072	0.0920151	0.125769	0.146553	0.153553	0.152076	0.145962	0.135189	0.117545	0.0927739	0.0592756	0.0135495	-0.0385267	-0.0872142	-0.126463	-0.159125	-0.187706	-0.21215	-0.2322	-0.24406	-0.245755	-0.23942	-0.226211	-0.208864	-0.19016	-0.177367	-0.17128	-0.171246	-0.174256	-0.177035	-0.177386	-0.177505	-0.17765	-0.178108	-0.176397	-0.172719	-0.169877	-0.171552	-0.176576	-0.18097	-0.175078	-0.150756	-0.109545	-0.0559698	0.00820236	0.0774201	0.146478	0.210305	0.262266	0.303271	0.332316	0.34388	0.336993	0.313601	0.277004	0.229617	0.177726	0.124502	0.0724361	0.0247857	-0.0163979	-0.0485502	-0.0667832	-0.0724723	-0.0706393	-0.0671423	-0.0658621	-0.0665054	-0.0662792	-0.0635175	-0.0532558	-0.0337238	-0.0110578	0.0127635	0.0380903	0.0677388	0.102925	0.146246	0.193471	0.238264	0.275297	0.299911	0.315049	0.320244	0.318612	0.312655	0.302437	0.289205	0.275204	0.263027	0.248269	0.22948	0.204129	0.168038	0.126081	0.0847011	0.0486186	0.0209946	0	
0	0.0920151	0.176808	0.245507	0.292788	0.313861	0.317727	0.308783	0.287578	0.25104	0.2027	0.140036	0.0573672	-0.0395753	-0.132653	-0.21415	-0.285589	-0.34847	-0.398278	-0.433536	-0.450396	-0.449938	-0.43819	-0.418351	-0.389964	-0.356099	-0.32951	-0.312607	-0.30842	-0.311585	-0.314403	-0.313834	-0.309416	-0.307458	-0.307726	-0.307221	-0.305831	-0.304616	-0.307482	-0.313336	-0.313875	-0.296231	-0.248352	-0.171649	-0.0761149	0.04079	0.169771	0.302808	0.424914	0.524897	0.598502	0.646428	0.659603	0.639774	0.590552	0.521553	0.436107	0.341555	0.24564	0.151276	0.0616896	-0.0179995	-0.081003	-0.118747	-0.133766	-0.129303	-0.116237	-0.105632	-0.0991847	-0.0957162	-0.0903592	-0.0772213	-0.0513052	-0.020588	0.0177192	0.0701025	0.133383	0.206437	0.289874	0.375228	0.45201	0.510896	0.551748	0.576733	0.583372	0.582134	0.574495	0.561169	0.544241	0.522897	0.498884	0.46502	0.422411	0.370769	0.307151	0.239084	0.171892	0.108717	0.0517548	0	
0	0.125769	0.245507	0.350111	0.429558	0.474775	0.492058	0.485421	0.454629	0.400296	0.331627	0.249947	0.142161	0.0140514	-0.118114	-0.241484	-0.35752	-0.458996	-0.533467	-0.577983	-0.591967	-0.583724	-0.567952	-0.545817	-0.513961	-0.469564	-0.429029	-0.399032	-0.38493	-0.382432	-0.381644	-0.373999	-0.365251	-0.360402	-0.364187	-0.37066	-0.374772	-0.375669	-0.376502	-0.374007	-0.36408	-0.331258	-0.26136	-0.160719	-0.036657	0.115106	0.286914	0.465665	0.632912	0.764533	0.859356	0.916263	0.925404	0.889767	0.81888	0.722623	0.604203	0.47725	0.347818	0.221051	0.104589	0.00262325	-0.0796581	-0.128894	-0.146453	-0.140291	-0.121326	-0.0992537	-0.0791924	-0.0648964	-0.061407	-0.0573323	-0.0391085	-0.00888259	0.0402494	0.111608	0.203193	0.304013	0.411051	0.512799	0.600589	0.67017	0.715741	0.745805	0.756282	0.754966	0.749724	0.739783	0.723524	0.698816	0.665703	0.613914	0.550635	0.482872	0.407158	0.331187	0.255398	0.174233	0.08809	0	
0	0.146553	0.292788	0.429558	0.544347	0.618469	0.655255	0.654487	0.618048	0.550288	0.470209	0.378896	0.259541	0.108819	-0.0535224	-0.216017	-0.373265	-0.510995	-0.607061	-0.657019	-0.664182	-0.645769	-0.621981	-0.597854	-0.563279	-0.512723	-0.464235	-0.423114	-0.399039	-0.386179	-0.373262	-0.357005	-0.3408	-0.338523	-0.349781	-0.363875	-0.372581	-0.371129	-0.364839	-0.355116	-0.335571	-0.291501	-0.206564	-0.0851412	0.0576256	0.231225	0.423827	0.62349	0.804764	0.94836	1.05034	1.11519	1.12786	1.08934	1.00327	0.88306	0.733808	0.57196	0.415902	0.274812	0.154169	0.0550631	-0.0202284	-0.0640579	-0.0817634	-0.0730074	-0.0484015	-0.0222022	0.000356433	0.0127929	0.0133373	0.011765	0.0248595	0.0505653	0.100804	0.184759	0.285979	0.388235	0.488707	0.578996	0.65551	0.71527	0.762912	0.800838	0.817398	0.824911	0.823584	0.812958	0.794425	0.764317	0.725472	0.668526	0.602953	0.535151	0.459993	0.383687	0.302698	0.210519	0.108032	0	
0	0.153553	0.313861	0.474775	0.618469	0.719502	0.774964	0.783835	0.748573	0.679669	0.600009	0.51267	0.389811	0.227554	0.0426611	-0.145883	-0.333229	-0.497443	-0.611739	-0.66905	-0.674627	-0.647544	-0.615576	-0.583599	-0.543878	-0.487928	-0.433255	-0.38525	-0.349724	-0.322409	-0.295598	-0.26611	-0.248068	-0.250328	-0.27152	-0.294105	-0.30343	-0.298475	-0.288328	-0.274661	-0.254049	-0.205564	-0.108284	0.0263059	0.182748	0.363276	0.557657	0.751158	0.925674	1.05954	1.16062	1.23175	1.25434	1.21962	1.12967	0.994067	0.819154	0.635523	0.465743	0.325057	0.221631	0.14981	0.10019	0.0783422	0.0762067	0.0873065	0.104671	0.122506	0.13738	0.142474	0.130613	0.118111	0.126938	0.154996	0.208082	0.283567	0.368938	0.445792	0.515167	0.573368	0.622367	0.665706	0.701341	0.738597	0.762866	0.776132	0.781074	0.77093	0.745058	0.708331	0.668259	0.616867	0.563656	0.510662	0.445325	0.372293	0.291614	0.199626	0.100584	0	
0	0.152076	0.317727	0.492058	0.655255	0.774964	0.847115	0.869095	0.846279	0.789198	0.723931	0.64733	0.528386	0.358166	0.161547	-0.0421277	-0.245467	-0.427927	-0.558364	-0.628061	-0.637675	-0.607821	-0.565495	-0.522673	-0.471238	-0.404041	-0.340508	-0.282077	-0.237084	-0.19982	-0.162517	-0.128168	-0.106932	-0.113634	-0.141227	-0.168977	-0.183602	-0.182464	-0.17706	-0.169733	-0.15072	-0.0984209	0.00801581	0.155129	0.314157	0.489345	0.666713	0.838362	0.986796	1.10179	1.19181	1.2658	1.29756	1.27319	1.18678	1.04934	0.871376	0.68515	0.52347	0.402917	0.327829	0.285776	0.265758	0.266461	0.276326	0.295478	0.313217	0.317777	0.310293	0.291734	0.264439	0.246173	0.255503	0.280248	0.321009	0.380527	0.4395	0.48136	0.513562	0.534594	0.547802	0.55499	0.564521	0.584279	0.597215	0.609849	0.614046	0.601933	0.575657	0.539964	0.507825	0.470736	0.43577	0.400573	0.349025	0.288279	0.220284	0.145638	0.0717963	0	
0	0.145962	0.308783	0.485421	0.654487	0.783835	0.869095	0.909977	0.90964	0.878217	0.836601	0.780024	0.670608	0.503868	0.305836	0.100786	-0.109893	-0.304636	-0.45228	-0.536935	-0.558089	-0.530441	-0.484727	-0.431581	-0.365097	-0.279046	-0.194581	-0.12063	-0.0662871	-0.0268868	0.00725436	0.0408482	0.0597814	0.0520349	0.0206685	-0.0156485	-0.0398996	-0.0508942	-0.0559438	-0.0531455	-0.0339298	0.0238568	0.137572	0.283437	0.432749	0.583965	0.731957	0.869985	0.988375	1.0767	1.15139	1.21896	1.25517	1.23935	1.16723	1.0494	0.893103	0.735418	0.603753	0.512276	0.46292	0.443861	0.440983	0.45839	0.483837	0.507991	0.519043	0.509734	0.483324	0.443001	0.395077	0.361545	0.360952	0.379193	0.409897	0.447289	0.479147	0.492892	0.495719	0.485589	0.464245	0.434633	0.402503	0.383879	0.365153	0.350411	0.341034	0.326455	0.305842	0.285555	0.27032	0.249908	0.231002	0.212496	0.183512	0.150591	0.116066	0.0776295	0.0378837	0	
0	0.135189	0.287578	0.454629	0.618048	0.748573	0.846279	0.90964	0.940084	0.941031	0.931409	0.901746	0.814693	0.664402	0.479665	0.281593	0.0696789	-0.136778	-0.299964	-0.40232	-0.43705	-0.421239	-0.380069	-0.325098	-0.24666	-0.139527	-0.0327998	0.0577359	0.115938	0.148804	0.174301	0.200368	0.218034	0.208604	0.173287	0.129989	0.0953443	0.0758554	0.0651423	0.0654026	0.0862326	0.144103	0.253004	0.387141	0.511121	0.62974	0.739027	0.839397	0.923098	0.984832	1.04043	1.10203	1.14157	1.13885	1.08909	1.00248	0.888037	0.775275	0.687953	0.633407	0.611749	0.607103	0.612803	0.633277	0.658478	0.68324	0.688081	0.660103	0.60704	0.54193	0.473411	0.425175	0.413591	0.418738	0.433029	0.458256	0.480209	0.479967	0.463996	0.428466	0.376191	0.31011	0.239261	0.178742	0.117049	0.0668174	0.0317366	0.00820323	-0.00462416	-0.00896852	-0.00491888	-0.00960099	-0.0147382	-0.0155528	-0.020437	-0.0176891	-0.0101228	-0.00578422	-0.00164503	0	
0	0.117545	0.25104	0.400296	0.550288	0.679669	0.789198	0.878217	0.941031	0.979074	1.00701	1.01592	0.966109	0.849368	0.690202	0.507042	0.295765	0.0800996	-0.10098	-0.221645	-0.278742	-0.283035	-0.258999	-0.212437	-0.131796	-0.0150799	0.104731	0.202469	0.260392	0.287999	0.305986	0.327024	0.338295	0.321859	0.279217	0.230488	0.196924	0.181939	0.177454	0.181658	0.199566	0.248252	0.339606	0.447331	0.540406	0.62005	0.691401	0.756282	0.809049	0.846582	0.887428	0.940752	0.984783	0.996057	0.971239	0.923151	0.855213	0.793681	0.754041	0.738919	0.741954	0.752518	0.763492	0.782689	0.798801	0.802177	0.779493	0.724179	0.646381	0.555658	0.465856	0.398423	0.369023	0.365927	0.381087	0.409415	0.431715	0.428669	0.4028	0.352218	0.280941	0.191004	0.0919686	-0.00109165	-0.0970095	-0.179874	-0.236352	-0.270421	-0.28485	-0.282804	-0.27269	-0.266815	-0.257736	-0.241421	-0.219564	-0.186701	-0.143827	-0.0970657	-0.0494765	0	
0	0.0927739	0.2027	0.331627	0.470209	0.600009	0.723931	0.836601	0.931409	1.00701	1.07848	1.13518	1.13353	1.05988	0.932022	0.765838	0.557761	0.331522	0.132388	-0.0146295	-0.0997718	-0.133811	-0.133445	-0.104446	-0.035752	0.0728326	0.187499	0.281631	0.338521	0.365979	0.383659	0.399146	0.399423	0.368088	0.314413	0.263838	0.238819	0.239505	0.250116	0.262665	0.281161	0.318781	0.390616	0.472034	0.532467	0.577834	0.615393	0.649224	0.677104	0.694894	0.720655	0.768696	0.815964	0.84062	0.842198	0.829112	0.805083	0.789273	0.791681	0.80961	0.839244	0.862972	0.874862	0.879827	0.870856	0.844385	0.785607	0.692556	0.580184	0.464366	0.351294	0.265239	0.226919	0.223363	0.244747	0.285427	0.325756	0.336889	0.317989	0.267869	0.191399	0.0921949	-0.0228077	-0.135751	-0.249248	-0.347315	-0.417409	-0.463613	-0.490858	-0.49963	-0.491838	-0.479638	-0.454282	-0.41502	-0.371731	-0.315164	-0.247881	-0.174075	-0.0886841	0	
0	0.0592756	0.140036	0.249947	0.378896	0.51267	0.64733	0.780024	0.901746	1.01592	1.13518	1.24408	1.29476	1.26458	1.169	1.02134	0.818556	0.585571	0.365333	0.190775	0.0721032	0.00655176	-0.0215042	-0.0190138	0.0232256	0.105827	0.200959	0.284687	0.338742	0.367553	0.383403	0.390852	0.376361	0.330001	0.266175	0.215801	0.200809	0.217394	0.245539	0.272629	0.297686	0.335287	0.395003	0.457157	0.495424	0.514452	0.527286	0.540105	0.54656	0.546521	0.558897	0.597048	0.64721	0.687306	0.713207	0.73314	0.74621	0.765488	0.798558	0.843223	0.887643	0.917452	0.924178	0.910145	0.868886	0.801044	0.705505	0.582595	0.444582	0.299589	0.162735	0.057362	0.00308348	-0.00116198	0.034136	0.0984886	0.163303	0.201746	0.21013	0.184	0.123323	0.0272606	-0.0890104	-0.206335	-0.324265	-0.426804	-0.505611	-0.566479	-0.609544	-0.630172	-0.628255	-0.607572	-0.56703	-0.511977	-0.448395	-0.376598	-0.295229	-0.20424	-0.105369	0	
0	0.0135495	0.0573672	0.142161	0.259541	0.389811	0.528386	0.670608	0.814693	0.966109	1.13353	1.29476	1.39414	1.40677	1.34358	1.21876	1.02903	0.795774	0.563794	0.367293	0.222287	0.126224	0.0642956	0.0284931	0.0294812	0.0727947	0.140237	0.205686	0.24998	0.270596	0.277744	0.275819	0.25296	0.200682	0.136433	0.0889539	0.0819761	0.110183	0.152926	0.194533	0.233615	0.277479	0.336857	0.391152	0.417655	0.421811	0.41966	0.415566	0.408492	0.396459	0.399426	0.435735	0.491487	0.543617	0.588801	0.629623	0.66568	0.709001	0.764871	0.826919	0.884124	0.91425	0.906686	0.866064	0.797256	0.706553	0.588187	0.443758	0.283175	0.116475	-0.0472374	-0.17841	-0.247531	-0.256743	-0.217207	-0.139927	-0.0452098	0.0353581	0.0856197	0.0960081	0.0619441	-0.0126778	-0.113195	-0.217309	-0.320592	-0.416936	-0.498106	-0.567866	-0.624473	-0.655065	-0.657383	-0.637504	-0.592488	-0.529486	-0.458055	-0.375002	-0.285986	-0.19443	-0.096815	0	
0	-0.0385267	-0.0395753	0.0140514	0.108819	0.227554	0.358166	0.503868	0.664402	0.849368	1.05988	1.26458	1.40677	1.45628	1.42488	1.32313	1.15017	0.925923	0.694558	0.492019	0.332134	0.209051	0.108634	0.0261127	-0.0213586	-0.0210541	0.0121151	0.0506416	0.0705019	0.069441	0.0606616	0.0508192	0.0282705	-0.0153741	-0.0686624	-0.101777	-0.0957727	-0.0549891	-0.000779603	0.0512975	0.0974804	0.148949	0.209276	0.26422	0.290915	0.292941	0.285836	0.277844	0.26484	0.250587	0.255784	0.29611	0.360921	0.425812	0.481285	0.528879	0.573548	0.62447	0.688884	0.761367	0.822234	0.850088	0.83641	0.784719	0.701708	0.595777	0.466909	0.309355	0.128069	-0.0671399	-0.253897	-0.401902	-0.487581	-0.504634	-0.462105	-0.368889	-0.250773	-0.139057	-0.0521679	-0.00336435	0.000978017	-0.0367979	-0.098481	-0.169671	-0.249508	-0.331432	-0.408968	-0.479128	-0.535064	-0.569377	-0.580687	-0.569795	-0.537048	-0.485358	-0.418211	-0.340613	-0.257049	-0.170945	-0.085404	0	
0	-0.0872142	-0.132653	-0.118114	-0.0535224	0.0426611	0.161547	0.305836	0.479665	0.690202	0.932022	1.169	1.34358	1.42488	1.4192	1.33634	1.1791	0.970086	0.75132	0.556067	0.389238	0.242245	0.101891	-0.0271973	-0.121316	-0.165954	-0.171686	-0.170043	-0.182261	-0.20736	-0.22985	-0.241221	-0.255517	-0.283711	-0.3152	-0.326679	-0.300737	-0.245971	-0.183021	-0.126925	-0.0766046	-0.0217298	0.0437624	0.104348	0.140382	0.15008	0.149666	0.144745	0.135994	0.127895	0.141307	0.192181	0.267637	0.340664	0.398583	0.442795	0.480995	0.526639	0.588135	0.658892	0.718964	0.747441	0.735275	0.686779	0.611912	0.509946	0.370562	0.190299	-0.019395	-0.240008	-0.446152	-0.606009	-0.693439	-0.70659	-0.656371	-0.554941	-0.422579	-0.288099	-0.176474	-0.0945264	-0.0479036	-0.0339882	-0.044636	-0.0768614	-0.127574	-0.192464	-0.257942	-0.318307	-0.370925	-0.407794	-0.430703	-0.438488	-0.425449	-0.393989	-0.345966	-0.284077	-0.216225	-0.14513	-0.071966	0	
0	-0.126463	-0.21415	-0.241484	-0.216017	-0.145883	-0.0421277	0.100786	0.281593	0.507042	0.765838	1.02134	1.21876	1.32313	1.33634	1.2649	1.12222	0.930398	0.731396	0.547025	0.379731	0.215211	0.0468114	-0.116287	-0.250201	-0.339814	-0.392465	-0.434152	-0.479231	-0.52574	-0.555725	-0.565058	-0.568122	-0.574376	-0.578684	-0.558999	-0.507686	-0.435161	-0.362877	-0.303754	-0.254195	-0.197793	-0.1315	-0.0625931	-0.0121638	0.0163775	0.0318475	0.0392598	0.0380615	0.0361954	0.0562926	0.113616	0.194811	0.272083	0.329759	0.36481	0.394643	0.430267	0.482756	0.547285	0.604549	0.636984	0.638377	0.607704	0.546009	0.446477	0.298896	0.0997682	-0.136349	-0.381981	-0.602973	-0.767897	-0.854901	-0.859594	-0.793081	-0.673143	-0.526959	-0.3818	-0.254696	-0.145811	-0.0602808	-0.000759667	0.0313878	0.0317559	0.00606812	-0.0375116	-0.0867795	-0.13308	-0.173628	-0.207939	-0.235251	-0.254184	-0.26336	-0.260174	-0.242852	-0.211557	-0.168538	-0.116241	-0.059064	0	
0	-0.159125	-0.285589	-0.35752	-0.373265	-0.333229	-0.245467	-0.109893	0.0696789	0.295765	0.557761	0.818556	1.02903	1.15017	1.1791	1.12222	0.997781	0.830781	0.65194	0.483155	0.321056	0.156356	-0.0207951	-0.202104	-0.369613	-0.508133	-0.615084	-0.70393	-0.784005	-0.848673	-0.885417	-0.889149	-0.876245	-0.855835	-0.826131	-0.771886	-0.690509	-0.595453	-0.508495	-0.441455	-0.389402	-0.332416	-0.264744	-0.191705	-0.128809	-0.0867666	-0.0607831	-0.0461692	-0.041881	-0.0363841	-0.00703915	0.0560312	0.13567	0.20727	0.2505	0.270386	0.288249	0.317684	0.368461	0.435914	0.497265	0.540449	0.559233	0.546663	0.503043	0.411395	0.261425	0.0526547	-0.195073	-0.45342	-0.685209	-0.856993	-0.944118	-0.939964	-0.858128	-0.72353	-0.56639	-0.408622	-0.268583	-0.143338	-0.0418242	0.0332852	0.0847365	0.106534	0.110789	0.101813	0.0831443	0.0601537	0.0335598	0.00611598	-0.0210331	-0.0466336	-0.0704779	-0.0917282	-0.103665	-0.104275	-0.0926874	-0.0675611	-0.036243	0	
0	-0.187706	-0.34847	-0.458996	-0.510995	-0.497443	-0.427927	-0.304636	-0.136778	0.0800996	0.331522	0.585571	0.795774	0.925923	0.970086	0.930398	0.830781	0.685694	0.527319	0.371767	0.227122	0.0794997	-0.086042	-0.270187	-0.462018	-0.644269	-0.801773	-0.939673	-1.05606	-1.14677	-1.19314	-1.19389	-1.16328	-1.11264	-1.0457	-0.951138	-0.833433	-0.708422	-0.598407	-0.517192	-0.456181	-0.393306	-0.324474	-0.25002	-0.1888	-0.149291	-0.128425	-0.11814	-0.109981	-0.0929293	-0.0516293	0.0168828	0.0901346	0.144869	0.17016	0.170272	0.176588	0.199806	0.250029	0.32063	0.393198	0.45662	0.500198	0.513653	0.488382	0.4075	0.261892	0.0557651	-0.193718	-0.455897	-0.691056	-0.864755	-0.948086	-0.937658	-0.846503	-0.705478	-0.543913	-0.379609	-0.233621	-0.107298	-0.0117409	0.0579925	0.10897	0.143305	0.176222	0.204103	0.221444	0.228898	0.225955	0.211634	0.191044	0.165516	0.135471	0.104505	0.0736426	0.0455345	0.0225428	0.00801057	0.000961771	0	
0	-0.21215	-0.398278	-0.533467	-0.607061	-0.611739	-0.558364	-0.45228	-0.299964	-0.10098	0.132388	0.365333	0.563794	0.694558	0.75132	0.731396	0.65194	0.527319	0.382047	0.243334	0.120249	-0.00153387	-0.148717	-0.327431	-0.531984	-0.741848	-0.939617	-1.11721	-1.27141	-1.38635	-1.44485	-1.44123	-1.39306	-1.31099	-1.20495	-1.06889	-0.915298	-0.761766	-0.631046	-0.53072	-0.453372	-0.374923	-0.297146	-0.22705	-0.177769	-0.156131	-0.1557	-0.156268	-0.148761	-0.124514	-0.0732472	-0.0034972	0.0580643	0.101481	0.110067	0.0946547	0.0867625	0.0973107	0.137044	0.207323	0.289192	0.374661	0.450732	0.493289	0.493763	0.429931	0.298835	0.101986	-0.141943	-0.400987	-0.631719	-0.79628	-0.873138	-0.861291	-0.774624	-0.640065	-0.485215	-0.326047	-0.184392	-0.0654475	0.0180149	0.0773473	0.129616	0.17338	0.223851	0.277365	0.320493	0.356275	0.380169	0.384398	0.376704	0.35928	0.33393	0.303858	0.266903	0.219522	0.165202	0.110225	0.0523178	0	
0	-0.2322	-0.433536	-0.577983	-0.657019	-0.66905	-0.628061	-0.536935	-0.40232	-0.221645	-0.0146295	0.190775	0.367293	0.492019	0.556067	0.547025	0.483155	0.371767	0.243334	0.121722	0.0210896	-0.0792651	-0.210391	-0.378485	-0.580011	-0.799891	-1.01814	-1.22504	-1.4043	-1.53946	-1.60554	-1.59996	-1.53464	-1.42213	-1.27695	-1.10269	-0.919844	-0.746597	-0.598091	-0.480567	-0.383446	-0.289602	-0.209352	-0.147935	-0.117494	-0.114914	-0.129404	-0.141815	-0.139562	-0.116873	-0.0706612	-0.00954511	0.0422632	0.0742798	0.075798	0.0490304	0.0251933	0.0165772	0.0425926	0.107799	0.197932	0.30345	0.400705	0.469553	0.49528	0.457327	0.350062	0.177704	-0.0460202	-0.289964	-0.507449	-0.666457	-0.74458	-0.745315	-0.673281	-0.554183	-0.413494	-0.262922	-0.131728	-0.0266919	0.0462144	0.105969	0.162912	0.212035	0.267284	0.326725	0.382325	0.436112	0.483722	0.513751	0.530207	0.5307	0.513767	0.482925	0.43532	0.371871	0.295478	0.207292	0.105181	0	
0	-0.24406	-0.450396	-0.591967	-0.664182	-0.674627	-0.637675	-0.558089	-0.43705	-0.278742	-0.0997718	0.0721032	0.222287	0.332134	0.389238	0.379731	0.321056	0.227122	0.120249	0.0210896	-0.0606963	-0.145495	-0.262204	-0.413246	-0.600031	-0.81189	-1.03601	-1.25197	-1.44355	-1.58683	-1.65917	-1.65135	-1.57252	-1.43355	-1.25713	-1.05532	-0.852753	-0.663159	-0.499247	-0.363873	-0.255056	-0.159267	-0.0862088	-0.0425483	-0.0280948	-0.035369	-0.0597641	-0.0796326	-0.0856792	-0.0745075	-0.0383917	0.011854	0.047863	0.0705787	0.0590406	0.0154256	-0.0269719	-0.0497149	-0.0316428	0.0349717	0.131883	0.245365	0.354665	0.434399	0.478821	0.468283	0.397637	0.262315	0.0730133	-0.140571	-0.34119	-0.495515	-0.584195	-0.605507	-0.55457	-0.448837	-0.318351	-0.185519	-0.0726159	0.0186417	0.0832799	0.139193	0.195115	0.241947	0.295222	0.357671	0.416487	0.480544	0.545839	0.597688	0.641683	0.662391	0.653304	0.619673	0.559468	0.479533	0.385181	0.273785	0.140094	0	
0	-0.245755	-0.449938	-0.583724	-0.645769	-0.647544	-0.607821	-0.530441	-0.421239	-0.283035	-0.133811	0.00655176	0.126224	0.209051	0.242245	0.215211	0.156356	0.0794997	-0.00153387	-0.0792651	-0.145495	-0.216213	-0.316133	-0.445095	-0.607631	-0.799756	-1.00947	-1.21563	-1.39885	-1.53821	-1.60721	-1.59564	-1.50767	-1.35643	-1.16825	-0.956369	-0.743866	-0.542466	-0.364178	-0.219417	-0.109488	-0.0208175	0.0377954	0.0672816	0.0696329	0.0546044	0.0254412	-0.00164828	-0.0155218	-0.0103864	0.0178144	0.0555404	0.0765458	0.0781701	0.0464921	-0.0154416	-0.0723039	-0.101143	-0.0787318	-0.003925	0.0983621	0.213855	0.320928	0.409359	0.470175	0.481468	0.436885	0.334006	0.178196	-0.00802018	-0.18546	-0.328484	-0.41768	-0.44627	-0.401364	-0.306319	-0.196922	-0.0852335	0.0100336	0.0840799	0.134589	0.179357	0.223412	0.260901	0.307582	0.368026	0.429924	0.497591	0.570853	0.634999	0.690744	0.722727	0.722472	0.69449	0.634753	0.545343	0.434502	0.304013	0.15253	0	
0	-0.23942	-0.43819	-0.567952	-0.621981	-0.615576	-0.565495	-0.484727	-0.380069	-0.258999	-0.133445	-0.0215042	0.0642956	0.108634	0.101891	0.0468114	-0.0207951	-0.086042	-0.148717	-0.210391	-0.262204	-0.316133	-0.395135	-0.498635	-0.630995	-0.789899	-0.967816	-1.14261	-1.29815	-1.41289	-1.46389	-1.44252	-1.35298	-1.20833	-1.02801	-0.823547	-0.614089	-0.413097	-0.236836	-0.0968853	0.00492384	0.0813117	0.130305	0.148002	0.141264	0.123711	0.0942615	0.0682244	0.0555503	0.0570469	0.0763007	0.0990083	0.0955856	0.0742451	0.0240018	-0.048637	-0.107415	-0.127769	-0.0937955	-0.0111556	0.0957163	0.21351	0.326459	0.420345	0.487522	0.507436	0.470797	0.376406	0.235846	0.0728505	-0.0851496	-0.207452	-0.270517	-0.276307	-0.220881	-0.127822	-0.0324911	0.0522583	0.122489	0.179041	0.213984	0.24015	0.264251	0.283335	0.314169	0.363429	0.418021	0.485686	0.560263	0.622635	0.676121	0.704235	0.707981	0.691625	0.638934	0.551113	0.435675	0.298364	0.147381	0	
0	-0.226211	-0.418351	-0.545817	-0.597854	-0.583599	-0.522673	-0.431581	-0.325098	-0.212437	-0.104446	-0.0190138	0.0284931	0.0261127	-0.0271973	-0.116287	-0.202104	-0.270187	-0.327431	-0.378485	-0.413246	-0.445095	-0.498635	-0.572632	-0.667826	-0.782652	-0.915051	-1.04296	-1.15038	-1.22002	-1.23768	-1.20201	-1.11728	-0.987402	-0.8262	-0.642249	-0.455383	-0.279912	-0.12814	-0.00814084	0.0772346	0.141483	0.17996	0.188715	0.178427	0.16427	0.144196	0.12588	0.114842	0.111106	0.119353	0.123574	0.0997125	0.0573661	-0.00620438	-0.0817384	-0.135189	-0.14252	-0.0925711	0.00420793	0.120573	0.242526	0.355463	0.450252	0.512686	0.520472	0.474393	0.380487	0.24618	0.0924621	-0.0442548	-0.131651	-0.155934	-0.122799	-0.0357457	0.0717358	0.163438	0.236741	0.292931	0.323994	0.327753	0.32485	0.323592	0.322055	0.331355	0.360323	0.399796	0.452764	0.511821	0.558065	0.595892	0.615416	0.61564	0.599402	0.552306	0.473677	0.375743	0.260684	0.128637	0	
0	-0.208864	-0.389964	-0.513961	-0.563279	-0.543878	-0.471238	-0.365097	-0.24666	-0.131796	-0.035752	0.0232256	0.0294812	-0.0213586	-0.121316	-0.250201	-0.369613	-0.462018	-0.531984	-0.580011	-0.600031	-0.607631	-0.630995	-0.667826	-0.714332	-0.773854	-0.84629	-0.909953	-0.950959	-0.961458	-0.941323	-0.894296	-0.815827	-0.704684	-0.568187	-0.419545	-0.27481	-0.141665	-0.0254031	0.0663729	0.129894	0.172914	0.195653	0.19609	0.185968	0.180605	0.172562	0.160228	0.148347	0.140276	0.140677	0.134868	0.0984412	0.0422668	-0.0281981	-0.0992246	-0.141103	-0.132254	-0.0677491	0.036921	0.156236	0.278269	0.386738	0.469058	0.512896	0.505614	0.44611	0.34109	0.206179	0.0633958	-0.0529396	-0.106596	-0.0828696	-0.00323126	0.117308	0.253585	0.369545	0.453889	0.505617	0.519845	0.498083	0.46268	0.428628	0.395469	0.37422	0.374686	0.384794	0.403293	0.424039	0.439006	0.455188	0.459748	0.450443	0.427814	0.383363	0.326006	0.263815	0.189108	0.0963658	0	
0	-0.19016	-0.356099	-0.469564	-0.512723	-0.487928	-0.404041	-0.279046	-0.139527	-0.0150799	0.0728326	0.105827	0.0727947	-0.0210541	-0.165954	-0.339814	-0.508133	-0.644269	-0.741848	-0.799891	-0.81189	-0.799756	-0.789899	-0.782652	-0.773854	-0.768688	-0.76863	-0.754639	-0.719336	-0.669649	-0.613809	-0.552911	-0.477913	-0.383869	-0.279903	-0.1788	-0.0847219	0.000926022	0.0761053	0.132101	0.162185	0.177591	0.187073	0.185323	0.181801	0.184043	0.180367	0.166678	0.152215	0.142233	0.144129	0.139363	0.102041	0.0450475	-0.0172313	-0.0733398	-0.100421	-0.081361	-0.0155016	0.0821967	0.193308	0.302633	0.39648	0.463445	0.490374	0.464392	0.388207	0.273719	0.134155	-0.00254846	-0.0970194	-0.113678	-0.051712	0.0654328	0.223752	0.396535	0.547685	0.658802	0.726658	0.741867	0.708849	0.653083	0.588518	0.521016	0.462222	0.41819	0.378963	0.343407	0.310972	0.283834	0.268619	0.249955	0.225742	0.201031	0.170078	0.139358	0.113827	0.082623	0.0407322	0	
0	-0.177367	-0.32951	-0.429029	-0.464235	-0.433255	-0.340508	-0.194581	-0.0327998	0.104731	0.187499	0.200959	0.140237	0.0121151	-0.171686	-0.392465	-0.615084	-0.801773	-0.939617	-1.01814	-1.03601	-1.00947	-0.967816	-0.915051	-0.84629	-0.76863	-0.68567	-0.587618	-0.479844	-0.375246	-0.285686	-0.209792	-0.139225	-0.0704102	-0.00854471	0.0438395	0.0902211	0.13217	0.165211	0.179072	0.172667	0.164328	0.162891	0.161747	0.159915	0.159672	0.155957	0.143897	0.132482	0.130251	0.138769	0.136172	0.104779	0.0573612	0.0130811	-0.0176876	-0.0261816	-0.00286529	0.0536849	0.136365	0.228572	0.32009	0.397057	0.447382	0.458711	0.420073	0.330944	0.200105	0.0533061	-0.0783188	-0.153112	-0.142512	-0.0526819	0.0931896	0.280195	0.490563	0.680875	0.825351	0.919604	0.955345	0.933149	0.869745	0.783533	0.680941	0.574471	0.473912	0.374798	0.280644	0.197681	0.128717	0.0711196	0.0192282	-0.0209992	-0.0432868	-0.0524858	-0.0547693	-0.0484002	-0.0373485	-0.0243607	0	
0	-0.17128	-0.312607	-0.399032	-0.423114	-0.38525	-0.282077	-0.12063	0.0577359	0.202469	0.281631	0.284687	0.205686	0.0506416	-0.170043	-0.434152	-0.70393	-0.939673	-1.11721	-1.22504	-1.25197	-1.21563	-1.14261	-1.04296	-0.909953	-0.754639	-0.587618	-0.416474	-0.248162	-0.0994306	0.0191703	0.103229	0.158372	0.192331	0.213046	0.222087	0.228039	0.228435	0.219466	0.19583	0.163064	0.137979	0.130977	0.127136	0.120578	0.117066	0.115696	0.111182	0.110675	0.116395	0.128056	0.130365	0.108205	0.0753014	0.0547581	0.044029	0.0443591	0.0645702	0.112157	0.181535	0.264082	0.343846	0.406712	0.440799	0.434809	0.378246	0.267616	0.123871	-0.0222971	-0.140669	-0.201863	-0.180606	-0.0753937	0.0965033	0.318495	0.565289	0.792281	0.96825	1.08624	1.13997	1.12587	1.05875	0.955524	0.823594	0.674259	0.516137	0.361185	0.22068	0.095894	-0.0110228	-0.103056	-0.180841	-0.230983	-0.250041	-0.249182	-0.230339	-0.19308	-0.141823	-0.0764638	0	
0	-0.171246	-0.30842	-0.38493	-0.399039	-0.349724	-0.237084	-0.0662871	0.115938	0.260392	0.338521	0.338742	0.24998	0.0705019	-0.182261	-0.479231	-0.784005	-1.05606	-1.27141	-1.4043	-1.44355	-1.39885	-1.29815	-1.15038	-0.950959	-0.719336	-0.479844	-0.248162	-0.0322694	0.15391	0.290369	0.369712	0.397734	0.395849	0.375964	0.343439	0.305583	0.264732	0.223208	0.17853	0.134217	0.105882	0.0959687	0.089261	0.0801164	0.071978	0.0743165	0.0794956	0.0865719	0.0978826	0.114875	0.121997	0.111739	0.0938399	0.083674	0.0800624	0.0815073	0.0986958	0.143182	0.216339	0.299998	0.375312	0.429776	0.449472	0.425191	0.346057	0.218153	0.0629832	-0.0861537	-0.20188	-0.252239	-0.214551	-0.092547	0.10407	0.355443	0.633243	0.888534	1.08834	1.22294	1.28547	1.27014	1.19233	1.07298	0.914361	0.729718	0.534041	0.344763	0.169925	0.00993959	-0.128161	-0.24329	-0.326445	-0.374717	-0.393331	-0.383626	-0.348551	-0.284711	-0.198542	-0.103392	0	
0	-0.174256	-0.311585	-0.382432	-0.386179	-0.322409	-0.19982	-0.0268868	0.148804	0.287999	0.365979	0.367553	0.270596	0.069441	-0.20736	-0.52574	-0.848673	-1.14677	-1.38635	-1.53946	-1.58683	-1.53821	-1.41289	-1.22002	-0.961458	-0.669649	-0.375246	-0.0994306	0.15391	0.362378	0.503795	0.570694	0.57742	0.547969	0.491841	0.415382	0.332133	0.256214	0.192743	0.137363	0.0910842	0.0649639	0.0573912	0.0559833	0.0474383	0.0408939	0.0473634	0.0587346	0.0704258	0.0840582	0.100765	0.112827	0.112332	0.101429	0.0979056	0.0951999	0.097057	0.114222	0.16308	0.239618	0.326141	0.403454	0.455732	0.466636	0.426062	0.3277	0.178274	0.0104305	-0.137175	-0.244845	-0.29013	-0.247198	-0.104977	0.121541	0.39797	0.691427	0.959223	1.17028	1.30911	1.37265	1.3557	1.27088	1.13562	0.95452	0.748365	0.534207	0.328254	0.13286	-0.0495203	-0.203101	-0.322204	-0.403312	-0.449868	-0.466479	-0.451259	-0.402454	-0.323996	-0.22527	-0.114755	0	
0	-0.177035	-0.314403	-0.381644	-0.373262	-0.295598	-0.162517	0.00725436	0.174301	0.305986	0.383659	0.383403	0.277744	0.0606616	-0.22985	-0.555725	-0.885417	-1.19314	-1.44485	-1.60554	-1.65917	-1.60721	-1.46389	-1.23768	-0.941323	-0.613809	-0.285686	0.0191703	0.290369	0.503795	0.640928	0.70436	0.706072	0.661187	0.574879	0.4585	0.33818	0.234286	0.153884	0.0904725	0.0448557	0.0251443	0.0276181	0.034841	0.0348629	0.0317376	0.0410728	0.0564547	0.0680512	0.0785683	0.0938244	0.108965	0.113941	0.111025	0.107761	0.104867	0.108383	0.128319	0.179334	0.260084	0.348705	0.424646	0.472955	0.471905	0.416638	0.303727	0.149502	-0.0163927	-0.165172	-0.275309	-0.314708	-0.257047	-0.0999813	0.136668	0.419182	0.714361	0.984056	1.19714	1.3328	1.3963	1.3786	1.28905	1.14747	0.959264	0.752377	0.538471	0.327444	0.124498	-0.0624845	-0.21458	-0.33205	-0.414904	-0.464091	-0.480785	-0.459869	-0.407057	-0.330257	-0.232243	-0.120059	0	
0	-0.177386	-0.313834	-0.373999	-0.357005	-0.26611	-0.128168	0.0408482	0.200368	0.327024	0.399146	0.390852	0.275819	0.0508192	-0.241221	-0.565058	-0.889149	-1.19389	-1.44123	-1.59996	-1.65135	-1.59564	-1.44252	-1.20201	-0.894296	-0.552911	-0.209792	0.103229	0.369712	0.570694	0.70436	0.77507	0.781152	0.730189	0.620928	0.479526	0.332601	0.208357	0.114866	0.0478661	0.00527034	-0.00298287	0.00926762	0.0298093	0.0398187	0.0433036	0.0560633	0.073434	0.0838142	0.0897222	0.101119	0.114903	0.122499	0.120424	0.117731	0.114632	0.123996	0.148968	0.201884	0.281643	0.365856	0.437046	0.476337	0.4636	0.397866	0.28065	0.129429	-0.0314157	-0.174691	-0.278723	-0.312027	-0.249721	-0.0901703	0.144531	0.419203	0.701424	0.958355	1.16235	1.29321	1.35446	1.33755	1.25202	1.11473	0.937439	0.746039	0.545539	0.342922	0.14973	-0.0200275	-0.161552	-0.277662	-0.363029	-0.416612	-0.434344	-0.415858	-0.371333	-0.304648	-0.215783	-0.11227	0	
0	-0.177505	-0.309416	-0.365251	-0.3408	-0.248068	-0.106932	0.0597814	0.218034	0.338295	0.399423	0.376361	0.25296	0.0282705	-0.255517	-0.568122	-0.876245	-1.16328	-1.39306	-1.53464	-1.57252	-1.50767	-1.35298	-1.11728	-0.815827	-0.477913	-0.139225	0.158372	0.397734	0.57742	0.706072	0.781152	0.793224	0.737632	0.620112	0.464906	0.302251	0.166278	0.0682158	0.00201388	-0.0326304	-0.0309599	-0.00423991	0.0324446	0.0574821	0.0729183	0.0899775	0.109394	0.116022	0.115278	0.117398	0.126587	0.128514	0.125297	0.118855	0.116808	0.131352	0.159991	0.215854	0.297368	0.380744	0.448544	0.480198	0.455086	0.381835	0.266551	0.12247	-0.0313764	-0.169775	-0.266346	-0.2893	-0.223198	-0.0676502	0.152015	0.407608	0.669615	0.905579	1.09141	1.20379	1.25455	1.23284	1.14838	1.02879	0.877946	0.713581	0.538989	0.361704	0.200809	0.0616653	-0.0602655	-0.164132	-0.243401	-0.293159	-0.315627	-0.311986	-0.283716	-0.236592	-0.16936	-0.0878779	0	
0	-0.17765	-0.307458	-0.360402	-0.338523	-0.250328	-0.113634	0.0520349	0.208604	0.321859	0.368088	0.330001	0.200682	-0.0153741	-0.283711	-0.574376	-0.855835	-1.11264	-1.31099	-1.42213	-1.43355	-1.35643	-1.20833	-0.987402	-0.704684	-0.383869	-0.0704102	0.192331	0.395849	0.547969	0.661187	0.730189	0.737632	0.68148	0.558317	0.396356	0.229644	0.0951513	0.00442362	-0.0507557	-0.074839	-0.0578077	-0.0144282	0.0376286	0.0800751	0.107745	0.131216	0.152789	0.160089	0.152573	0.147224	0.144846	0.132914	0.11738	0.10211	0.0957133	0.113872	0.151623	0.214585	0.303617	0.393549	0.463219	0.489635	0.461389	0.39027	0.276517	0.135128	-0.0162485	-0.153436	-0.241858	-0.253516	-0.181513	-0.0341324	0.167814	0.403391	0.635337	0.837659	0.993316	1.08142	1.10728	1.06924	0.990676	0.888576	0.765832	0.637405	0.505704	0.377957	0.265949	0.167562	0.0736454	-0.00427262	-0.0614353	-0.10402	-0.130203	-0.138627	-0.131747	-0.111346	-0.0790539	-0.0427323	0	
0	-0.178108	-0.307726	-0.364187	-0.349781	-0.27152	-0.141227	0.0206685	0.173287	0.279217	0.314413	0.266175	0.136433	-0.0686624	-0.3152	-0.578684	-0.826131	-1.0457	-1.20495	-1.27695	-1.25713	-1.16825	-1.02801	-0.8262	-0.568187	-0.279903	-0.00854471	0.213046	0.375964	0.491841	0.574879	0.620928	0.620112	0.558317	0.432546	0.27563	0.120652	0.00542449	-0.0663325	-0.106107	-0.115728	-0.0869443	-0.0338596	0.0322437	0.0892207	0.133079	0.165613	0.194086	0.205215	0.198998	0.185821	0.1689	0.13797	0.108148	0.0823865	0.0724465	0.0938437	0.136461	0.209229	0.30989	0.407234	0.482768	0.51532	0.49244	0.423254	0.30995	0.165053	0.00832472	-0.125717	-0.20461	-0.210769	-0.143469	-0.00540863	0.180163	0.390444	0.592817	0.757569	0.873186	0.925846	0.924761	0.875805	0.800763	0.718374	0.623764	0.531742	0.456268	0.387996	0.330347	0.281119	0.22993	0.192037	0.162497	0.132777	0.106526	0.0834651	0.0639166	0.0472024	0.0339813	0.0171996	0	
0	-0.176397	-0.307221	-0.37066	-0.363875	-0.294105	-0.168977	-0.0156485	0.129989	0.230488	0.263838	0.215801	0.0889539	-0.101777	-0.326679	-0.558999	-0.771886	-0.951138	-1.06889	-1.10269	-1.05532	-0.956369	-0.823547	-0.642249	-0.419545	-0.1788	0.0438395	0.222087	0.343439	0.415382	0.4585	0.479526	0.464906	0.396356	0.27563	0.134642	0.00934017	-0.0769571	-0.12334	-0.143204	-0.14338	-0.113141	-0.0543208	0.0169187	0.0857152	0.140153	0.180351	0.218308	0.244787	0.246743	0.231929	0.203897	0.157654	0.118088	0.0881999	0.0767822	0.0965325	0.143555	0.221089	0.324381	0.426701	0.506717	0.540979	0.523415	0.460231	0.345288	0.196614	0.0437992	-0.0846817	-0.159887	-0.169207	-0.112625	0.00647415	0.166223	0.347711	0.513355	0.640893	0.724742	0.751478	0.731222	0.679723	0.619534	0.555926	0.48946	0.441635	0.418757	0.404528	0.399375	0.398927	0.39402	0.39405	0.386674	0.369453	0.347592	0.312674	0.264628	0.209372	0.14856	0.075777	0	
0	-0.172719	-0.305831	-0.374772	-0.372581	-0.30343	-0.183602	-0.0398996	0.0953443	0.196924	0.238819	0.200809	0.0819761	-0.0957727	-0.300737	-0.507686	-0.690509	-0.833433	-0.915298	-0.919844	-0.852753	-0.743866	-0.614089	-0.455383	-0.27481	-0.0847219	0.0902211	0.228039	0.305583	0.332133	0.33818	0.332601	0.302251	0.229644	0.120652	0.00934017	-0.079497	-0.130201	-0.148558	-0.156773	-0.159241	-0.135217	-0.080788	-0.0104544	0.0581392	0.116041	0.167376	0.221997	0.267759	0.281653	0.268086	0.234984	0.189703	0.157507	0.135926	0.127483	0.146134	0.190538	0.263811	0.361887	0.456431	0.529537	0.562709	0.546264	0.477186	0.358415	0.216284	0.074637	-0.0449916	-0.121138	-0.143243	-0.106839	-0.0163323	0.108078	0.254249	0.393575	0.49668	0.557634	0.577611	0.56262	0.525532	0.483906	0.443156	0.408002	0.396251	0.411614	0.431052	0.460777	0.50325	0.538496	0.567781	0.579255	0.570435	0.547646	0.501736	0.431455	0.344009	0.238893	0.117351	0	
0	-0.169877	-0.304616	-0.375669	-0.371129	-0.298475	-0.182464	-0.0508942	0.0758554	0.181939	0.239505	0.217394	0.110183	-0.0549891	-0.245971	-0.435161	-0.595453	-0.708422	-0.761766	-0.746597	-0.663159	-0.542466	-0.413097	-0.279912	-0.141665	0.000926022	0.13217	0.228435	0.264732	0.256214	0.234286	0.208357	0.166278	0.0951513	0.00542449	-0.0769571	-0.130201	-0.150445	-0.156045	-0.166369	-0.179111	-0.165327	-0.11847	-0.0594292	0.00215123	0.06732	0.133461	0.204616	0.264342	0.285564	0.277205	0.255124	0.228299	0.216203	0.212904	0.21423	0.232196	0.272567	0.33912	0.421695	0.499525	0.558666	0.579556	0.552437	0.47644	0.356031	0.215874	0.0812936	-0.0314788	-0.112201	-0.152325	-0.14063	-0.0772631	0.020272	0.138377	0.254701	0.343715	0.403466	0.43759	0.444052	0.430336	0.409372	0.392312	0.38591	0.399277	0.431827	0.46768	0.517906	0.579753	0.635089	0.683438	0.708195	0.706101	0.680082	0.622276	0.537443	0.430185	0.296342	0.144828	0	
0	-0.171552	-0.307482	-0.376502	-0.364839	-0.288328	-0.17706	-0.0559438	0.0651423	0.177454	0.250116	0.245539	0.152926	-0.000779603	-0.183021	-0.362877	-0.508495	-0.598407	-0.631046	-0.598091	-0.499247	-0.364178	-0.236836	-0.12814	-0.0254031	0.0761053	0.165211	0.219466	0.223208	0.192743	0.153884	0.114866	0.0682158	0.00442362	-0.0663325	-0.12334	-0.148558	-0.156045	-0.164891	-0.188763	-0.214215	-0.216811	-0.189951	-0.147515	-0.0868624	-0.0104746	0.0742234	0.157786	0.226158	0.257882	0.263729	0.261083	0.259357	0.271765	0.289855	0.306688	0.33178	0.375337	0.434897	0.502915	0.566686	0.610272	0.614113	0.569753	0.475394	0.343639	0.201879	0.0653825	-0.0609527	-0.162649	-0.216153	-0.212139	-0.161829	-0.0822363	0.0230787	0.135801	0.226649	0.296906	0.35188	0.383233	0.390355	0.388596	0.390727	0.398833	0.420841	0.457031	0.50316	0.56424	0.628639	0.686166	0.73535	0.762524	0.762604	0.733737	0.668142	0.569692	0.452652	0.316756	0.159885	0	
0	-0.176576	-0.313336	-0.374007	-0.355116	-0.274661	-0.169733	-0.0531455	0.0654026	0.181658	0.262665	0.272629	0.194533	0.0512975	-0.126925	-0.303754	-0.441455	-0.517192	-0.53072	-0.480567	-0.363873	-0.219417	-0.0968853	-0.00814084	0.0663729	0.132101	0.179072	0.19583	0.17853	0.137363	0.0904725	0.0478661	0.00201388	-0.0507557	-0.106107	-0.143204	-0.156773	-0.166369	-0.188763	-0.225387	-0.269954	-0.299481	-0.298667	-0.268153	-0.207865	-0.121644	-0.022671	0.0740067	0.158045	0.207589	0.236109	0.256677	0.281449	0.317394	0.360129	0.394014	0.429423	0.477923	0.539814	0.607459	0.666943	0.700029	0.686733	0.61578	0.49253	0.337027	0.171084	0.00929969	-0.134021	-0.247535	-0.315597	-0.322148	-0.273936	-0.185374	-0.0684773	0.059466	0.168874	0.254444	0.326285	0.370079	0.384228	0.393019	0.407337	0.422766	0.444623	0.480569	0.531257	0.592061	0.64953	0.696243	0.73119	0.744463	0.734776	0.704832	0.640488	0.541346	0.427933	0.302091	0.156292	0	
0	-0.18097	-0.313875	-0.36408	-0.335571	-0.254049	-0.15072	-0.0339298	0.0862326	0.199566	0.281161	0.297686	0.233615	0.0974804	-0.0766046	-0.254195	-0.389402	-0.456181	-0.453372	-0.383446	-0.255056	-0.109488	0.00492384	0.0772346	0.129894	0.162185	0.172667	0.163064	0.134217	0.0910842	0.0448557	0.00527034	-0.0326304	-0.074839	-0.115728	-0.14338	-0.159241	-0.179111	-0.214215	-0.269954	-0.342681	-0.402668	-0.424325	-0.404793	-0.351672	-0.261259	-0.147216	-0.0315345	0.0654077	0.135185	0.18617	0.23654	0.293864	0.358188	0.42165	0.473067	0.520026	0.576018	0.64867	0.728377	0.795839	0.821164	0.782592	0.677265	0.521102	0.334739	0.136361	-0.0569379	-0.228062	-0.364453	-0.437781	-0.438988	-0.379571	-0.274784	-0.138386	0.0147634	0.150887	0.260934	0.340717	0.38542	0.400319	0.40964	0.429683	0.446933	0.469318	0.505499	0.551193	0.595697	0.631013	0.661247	0.676564	0.669152	0.645249	0.605167	0.544357	0.46385	0.367659	0.253835	0.126718	0	
0	-0.175078	-0.296231	-0.331258	-0.291501	-0.205564	-0.0984209	0.0238568	0.144103	0.248252	0.318781	0.335287	0.277479	0.148949	-0.0217298	-0.197793	-0.332416	-0.393306	-0.374923	-0.289602	-0.159267	-0.0208175	0.0813117	0.141483	0.172914	0.177591	0.164328	0.137979	0.105882	0.0649639	0.0251443	-0.00298287	-0.0309599	-0.0578077	-0.0869443	-0.113141	-0.135217	-0.165327	-0.216811	-0.299481	-0.402668	-0.488267	-0.531836	-0.534723	-0.49267	-0.39774	-0.267806	-0.143006	-0.0370416	0.0471663	0.12551	0.20953	0.297547	0.383579	0.467293	0.537486	0.601392	0.677081	0.766376	0.855072	0.916582	0.92221	0.85713	0.723557	0.541113	0.327214	0.0959323	-0.130027	-0.323297	-0.46758	-0.542924	-0.537947	-0.461143	-0.335518	-0.178068	-0.00685667	0.149747	0.272533	0.358183	0.413376	0.436418	0.450177	0.461858	0.470199	0.491033	0.519227	0.551457	0.573119	0.580664	0.584811	0.576174	0.550278	0.511448	0.460541	0.400059	0.338102	0.269192	0.180128	0.0840791	0	
0	-0.150756	-0.248352	-0.26136	-0.206564	-0.108284	0.00801581	0.137572	0.253004	0.339606	0.390616	0.395003	0.336857	0.209276	0.0437624	-0.1315	-0.264744	-0.324474	-0.297146	-0.209352	-0.0862088	0.0377954	0.130305	0.17996	0.195653	0.187073	0.162891	0.130977	0.0959687	0.0573912	0.0276181	0.00926762	-0.00423991	-0.0144282	-0.0338596	-0.0543208	-0.080788	-0.11847	-0.189951	-0.298667	-0.424325	-0.531836	-0.608416	-0.633236	-0.60062	-0.503935	-0.377763	-0.255534	-0.15008	-0.0495295	0.0570188	0.172025	0.284704	0.393403	0.501217	0.596387	0.684531	0.772642	0.871622	0.963967	1.01265	0.991371	0.897248	0.737395	0.530954	0.29228	0.0378833	-0.202096	-0.397626	-0.539463	-0.609171	-0.596436	-0.509126	-0.370057	-0.198886	-0.011744	0.158567	0.289601	0.381532	0.447896	0.48253	0.496026	0.502902	0.502627	0.504396	0.510728	0.514897	0.509068	0.495447	0.473359	0.440734	0.398942	0.351175	0.298751	0.241056	0.186189	0.13693	0.0893693	0.042999	0	
