0	0	0	0	0	0	0	0	0	0	0	0	0	0	0	0	0	0	0	0	0	0	0	0	0	0	0	0	0	0	0	0	0	0	0	0	0	0	0	0	0	0	0	0	0	0	0	0	0	0	0	0	0	0	0	0	0	0	0	0	0	0	0	0	0	0	0	0	0	0	0	0	0	0	0	0	0	0	0	0	0	0	0	0	0	0	0	0	0	0	0	0	0	0	0	0	0	0	0	0	
0	0.0160321	0.0019379	-0.00300249	-0.0015275	-0.00501836	-0.00742626	0.000565792	0.00205601	0.00386731	-0.00288925	-0.00152403	0.0101047	-0.00443381	-0.00704044	-0.00501996	0.00173172	-0.00096206	-0.00982826	-0.0173095	-0.000428671	0.00108219	0.000308236	-0.0132473	-0.0200686	-0.0209463	-0.00133191	0.0116548	0.00896535	-0.0122976	-0.0361067	-0.0674982	-0.0893602	-0.0893065	-0.066357	-0.0282982	0.00955302	0.0631088	0.111264	0.154761	0.171636	0.169465	0.161279	0.137693	0.10652	0.0569233	-0.00710562	-0.0555755	-0.0972548	-0.109689	-0.0978789	-0.0867441	-0.0602875	-0.0390857	-0.0307364	-0.0153545	-0.00368758	-0.00599725	0.0020987	0.0123682	-0.000443181	-0.00784823	0.00204634	0.00536795	0.000105182	0.00221376	0.0065726	-0.0014662	-0.00252427	0.00835101	0.00503734	-0.00298947	0.00133817	0.00682224	0.00678958	0.000908079	-0.00358416	0.00542797	0.0141517	0.00614153	-0.00432475	-0.00412073	0.00169813	0.00819595	0.00516713	-0.0201146	-0.0572721	-0.0830527	-0.0910692	-0.0836251	-0.0545741	-0.00348614	0.0527489	0.0966475	0.122687	0.128297	0.10975	0.0727836	0.033239	0	
0	0.0019379	-0.0141259	-0.00183309	0.00667827	0.00410878	0.00120793	-0.00318108	-0.0014251	-0.0026025	-0.013846	-0.0038953	0.00475451	-0.0087622	-0.00924449	-0.00465051	0.00488249	0.00542097	-0.0140394	-0.0196456	0.00231839	0.00814157	0.00183987	-0.0210857	-0.0352518	-0.0347286	-0.00164534	0.0220772	0.0124654	-0.0251058	-0.076235	-0.131909	-0.176142	-0.171367	-0.127119	-0.052594	0.0279926	0.129232	0.231214	0.310575	0.348583	0.345365	0.325088	0.282194	0.212072	0.111575	-0.0128625	-0.120612	-0.196446	-0.224928	-0.207371	-0.170722	-0.122429	-0.0758797	-0.0451936	-0.0237522	-0.00597392	-0.00728653	-0.00490918	0.00112434	-0.00372839	0.00661793	0.0118076	0.00173442	-0.000811729	0.00332246	0.0078807	0.00222872	0.000686128	0.0114938	0.00703458	-0.0026063	0.00396208	0.0122949	0.0120176	0.00207019	-0.00429293	0.0113546	0.0249769	0.010853	-0.00663545	-0.00588676	0.00453219	0.0148432	0.00614378	-0.0425058	-0.111785	-0.160801	-0.176954	-0.162274	-0.105751	-0.0079259	0.100145	0.186112	0.238	0.249396	0.213597	0.142342	0.0655746	0	
0	-0.00300249	-0.00183309	0.000815365	0.00120615	0.000183353	-0.0082713	-0.00699443	0.00588274	-0.000424789	-0.0135721	-0.000113032	0.00114413	-0.00821937	-0.0101729	-0.0104299	0.00331871	-0.00174185	-0.0228559	-0.02314	-0.00487512	0.00606523	-0.0079125	-0.0322472	-0.0497938	-0.0451142	-0.00323904	0.0226074	0.00841777	-0.0460179	-0.11841	-0.197129	-0.253752	-0.245968	-0.179676	-0.0736057	0.0500119	0.196189	0.344009	0.45737	0.509871	0.510988	0.474288	0.413905	0.304634	0.15647	-0.0189868	-0.179624	-0.282803	-0.324778	-0.303784	-0.248163	-0.180453	-0.121747	-0.0693149	-0.039622	-0.0209504	-0.00504831	-0.000681508	0.00221964	0.00316788	0.00814229	0.00652384	-0.000458113	0.00296905	0.00989891	0.0117318	0.00261623	0.000632226	0.013156	0.0109652	0.0014158	0.00683205	0.0149269	0.0143199	0.00480967	0.000525066	0.0172067	0.0296234	0.0136426	-0.00496352	-0.00351381	0.00890295	0.0181343	-0.000328819	-0.0683541	-0.160815	-0.228587	-0.252902	-0.23147	-0.150808	-0.0144368	0.137389	0.261833	0.338835	0.356248	0.305888	0.205669	0.0961822	0	
0	-0.0015275	0.00667827	0.00120615	-0.0107121	-0.00725133	5.76804e-05	-0.000752159	-0.00171979	-0.00627716	-0.00340076	0.000655545	-0.006485	-0.00918384	-0.0123	-0.0110578	-0.00497189	-0.0125278	-0.0258356	-0.0219425	-0.0106182	-0.00149327	-0.0193214	-0.0389881	-0.0570487	-0.0436858	-0.0060705	0.0172256	-0.0052843	-0.072421	-0.162272	-0.258116	-0.316703	-0.306084	-0.217336	-0.0843699	0.0833662	0.269971	0.457246	0.598326	0.665183	0.668455	0.619393	0.532341	0.388038	0.189785	-0.0314955	-0.235649	-0.367439	-0.417546	-0.394181	-0.322227	-0.237303	-0.160658	-0.0961093	-0.0553713	-0.0284119	-0.00793847	-0.000967954	0.00520678	0.00852042	0.00333081	0.00120611	0.0087287	0.0137786	0.00723105	0.00341755	0.00804565	0.0121513	0.0119622	0.00782639	0.00775039	0.013524	0.0156277	0.0131357	0.00959811	0.0107291	0.0218151	0.0277823	0.0153799	0.00175261	0.00359057	0.0141704	0.0161321	-0.0157664	-0.0970587	-0.201813	-0.282888	-0.314987	-0.287752	-0.188252	-0.0243649	0.160706	0.318373	0.418644	0.442203	0.381493	0.260132	0.124323	0	
0	-0.00501836	0.00410878	0.000183353	-0.00725133	-0.0024269	0.00488878	-0.00598314	-0.0140619	-0.00775826	2.7274e-05	-0.00953844	-0.0142263	-0.00579363	-0.00718027	-0.00481423	-0.0134239	-0.0157359	-0.0172966	-0.0145766	-0.0142622	-0.0151078	-0.030503	-0.045126	-0.0582955	-0.0390117	-0.0173091	-0.00206643	-0.0369899	-0.110586	-0.215449	-0.315893	-0.370259	-0.351143	-0.243865	-0.0835951	0.126361	0.349327	0.570427	0.731941	0.816407	0.819783	0.761877	0.643507	0.463513	0.218759	-0.0461384	-0.286138	-0.446808	-0.5062	-0.483115	-0.397035	-0.297277	-0.197089	-0.119996	-0.0671733	-0.03019	-0.0107501	-0.00401568	0.00138007	0.00872718	0.00527327	0.00506334	0.0141114	0.0136358	0.00443108	0.00562706	0.0174048	0.0157029	0.00566757	0.010173	0.0184421	0.0170724	0.0131296	0.013044	0.0177463	0.0226694	0.0234603	0.0219149	0.0180847	0.0133941	0.0145167	0.0185623	0.00727993	-0.0393228	-0.126165	-0.23268	-0.321565	-0.36046	-0.329202	-0.218151	-0.039196	0.167636	0.35169	0.471756	0.501412	0.436104	0.3035	0.149238	0	
0	-0.00742626	0.00120793	-0.0082713	5.76804e-05	0.00488878	-0.00264121	-0.00979846	-0.0121323	0.000107993	-0.00300027	-0.01747	-0.0183269	-0.00500676	-0.00705132	-0.0130657	-0.0242049	-0.0238766	-0.00976751	-0.0135234	-0.0242517	-0.0328782	-0.0400041	-0.0482018	-0.0469431	-0.0337457	-0.0270661	-0.0327088	-0.0731142	-0.15489	-0.263642	-0.359319	-0.402658	-0.370045	-0.250735	-0.0602443	0.181404	0.438332	0.678273	0.856372	0.951875	0.955853	0.883007	0.733659	0.513899	0.231455	-0.0678436	-0.335397	-0.511787	-0.582958	-0.555751	-0.463188	-0.348164	-0.2353	-0.145769	-0.0784186	-0.0431416	-0.0153153	-0.00317969	-0.00255952	0.00893711	0.0100144	0.0130639	0.0147329	0.0063594	0.00734726	0.0156555	0.0209769	0.0118898	0.00436653	0.0187172	0.026354	0.016308	0.0112792	0.0163828	0.0277317	0.0326452	0.0219793	0.0158676	0.0237673	0.0286984	0.026896	0.0195648	-0.00872751	-0.0676227	-0.151974	-0.252085	-0.343866	-0.388085	-0.35588	-0.242145	-0.0603373	0.157078	0.359192	0.493761	0.529388	0.466539	0.333865	0.169953	0	
0	0.000565792	-0.00318108	-0.00699443	-0.000752159	-0.00598314	-0.00979846	-0.00205066	-0.00434107	-0.00320544	-0.00330084	-0.0160398	-0.0160408	-0.00700977	-0.0117441	-0.0235348	-0.0342132	-0.0275336	-0.0084095	-0.018291	-0.0402392	-0.0495897	-0.0500782	-0.0455518	-0.0344892	-0.0323354	-0.0470284	-0.0749032	-0.121196	-0.207306	-0.309772	-0.391598	-0.416298	-0.37048	-0.237277	-0.0218515	0.247729	0.527957	0.778905	0.968165	1.07086	1.07519	0.984112	0.802338	0.54635	0.230943	-0.0920143	-0.376654	-0.566625	-0.642749	-0.61662	-0.520321	-0.3933	-0.273499	-0.174726	-0.0986658	-0.0561145	-0.0231047	-0.00221032	0.00513205	0.0107946	0.011721	0.0128629	0.00894036	0.011409	0.0184574	0.0148973	0.0163369	0.0158091	0.0122291	0.0227631	0.0264379	0.0168264	0.0146018	0.0225966	0.0361446	0.037559	0.019245	0.0144046	0.0335276	0.0448182	0.0372037	0.0151122	-0.0300068	-0.0953491	-0.17063	-0.259643	-0.35029	-0.398485	-0.370038	-0.263088	-0.0888742	0.129061	0.339623	0.481959	0.523625	0.470989	0.349491	0.185077	0	
0	0.00205601	-0.0014251	0.00588274	-0.00171979	-0.0140619	-0.0121323	-0.00434107	-0.00686464	-0.0115511	-0.0108818	-0.0176416	-0.00807799	-0.00748819	-0.0127775	-0.0232956	-0.0311894	-0.018714	-0.00833338	-0.0262509	-0.0526827	-0.0644302	-0.056366	-0.042282	-0.0299717	-0.0441728	-0.0851398	-0.130779	-0.187035	-0.268173	-0.356704	-0.413699	-0.416786	-0.354664	-0.206539	0.0313127	0.321212	0.617355	0.872185	1.07064	1.17803	1.18129	1.07154	0.85811	0.569214	0.231161	-0.113505	-0.403651	-0.611762	-0.694499	-0.674769	-0.5803	-0.445459	-0.312974	-0.201104	-0.116712	-0.0578819	-0.025744	-0.00473967	0.00723181	0.0101786	0.0124369	0.0091655	0.00917331	0.0203954	0.0234432	0.0154869	0.014504	0.0175661	0.0212272	0.0267681	0.0236657	0.0180431	0.0221037	0.0316492	0.0405385	0.0359505	0.0190123	0.021435	0.0462015	0.0576771	0.0421079	0.00498366	-0.0523027	-0.116532	-0.179187	-0.255879	-0.342509	-0.394425	-0.375933	-0.28442	-0.125453	0.0842821	0.292917	0.435835	0.484118	0.449141	0.348705	0.192716	0	
0	0.00386731	-0.0026025	-0.000424789	-0.00627716	-0.00775826	0.000107993	-0.00320544	-0.0115511	-0.021582	-0.0196726	-0.0105419	-0.00997906	-0.0204032	-0.024665	-0.0257979	-0.0262235	-0.0165979	-0.0189676	-0.0374506	-0.0591214	-0.0682942	-0.0506237	-0.0323383	-0.0259868	-0.0618811	-0.123363	-0.186039	-0.249276	-0.318176	-0.383602	-0.408029	-0.390272	-0.306351	-0.145667	0.11103	0.409977	0.710628	0.964911	1.16275	1.27162	1.26505	1.1317	0.888773	0.567967	0.215302	-0.138604	-0.434246	-0.644793	-0.737372	-0.722755	-0.626664	-0.4902	-0.347355	-0.223938	-0.130215	-0.0652612	-0.0301843	-0.00603417	-0.00153503	0.00207467	0.0145291	0.0173106	0.0221867	0.0234249	0.0170515	0.0134141	0.0159125	0.027346	0.0315111	0.0221564	0.0189558	0.0263234	0.0340159	0.0380181	0.0378853	0.0321114	0.0267524	0.0365135	0.0576483	0.0638423	0.040245	-0.00851415	-0.0697853	-0.126045	-0.176259	-0.242109	-0.323486	-0.38087	-0.379163	-0.309459	-0.170403	0.0235951	0.220168	0.357455	0.41359	0.40216	0.329952	0.190638	0	
0	-0.00288925	-0.013846	-0.0135721	-0.00340076	2.7274e-05	-0.00300027	-0.00330084	-0.0108818	-0.0196726	-0.00741886	-0.00368148	-0.0224803	-0.0348578	-0.0321242	-0.027112	-0.0240584	-0.0283839	-0.0409458	-0.0518797	-0.0659218	-0.0663041	-0.047526	-0.029487	-0.041414	-0.0950324	-0.172199	-0.248293	-0.312374	-0.362911	-0.393818	-0.387701	-0.342737	-0.2404	-0.0614399	0.200073	0.502469	0.794397	1.04576	1.23698	1.34017	1.31972	1.16129	0.892023	0.55143	0.188803	-0.160289	-0.455811	-0.665059	-0.76246	-0.754295	-0.661045	-0.522787	-0.377597	-0.251155	-0.152614	-0.0854386	-0.0452388	-0.0122	0.00501288	0.0131311	0.0199245	0.0216131	0.0200525	0.0141827	0.0177311	0.0220785	0.0241878	0.035527	0.0293355	0.0140621	0.024878	0.0409659	0.0421699	0.0375061	0.0320227	0.0335826	0.0436372	0.0541985	0.0637842	0.0623303	0.0326972	-0.020736	-0.0763159	-0.12086	-0.162222	-0.220438	-0.297707	-0.364584	-0.385635	-0.3409	-0.224093	-0.052331	0.123768	0.251595	0.317278	0.332537	0.292116	0.176727	0	
0	-0.00152403	-0.0038953	-0.000113032	0.000655545	-0.00953844	-0.01747	-0.0160398	-0.0176416	-0.0105419	-0.00368148	-0.0131812	-0.02716	-0.0303494	-0.0221994	-0.0181618	-0.0206536	-0.0418701	-0.0590561	-0.0619363	-0.064855	-0.0642081	-0.0484678	-0.0471816	-0.0788961	-0.148471	-0.233669	-0.319416	-0.376014	-0.40068	-0.392872	-0.356004	-0.283137	-0.158295	0.0339645	0.295763	0.587374	0.870488	1.11175	1.29589	1.38734	1.34942	1.17177	0.882934	0.533272	0.173517	-0.16973	-0.457985	-0.66892	-0.779827	-0.780676	-0.700935	-0.567747	-0.416376	-0.28189	-0.174297	-0.0920005	-0.0434223	-0.0136682	0.00695612	0.0156869	0.0188849	0.0181049	0.0154936	0.0177291	0.027484	0.031425	0.0296425	0.0296175	0.0220994	0.0228665	0.0401942	0.046986	0.0418448	0.0353814	0.0309608	0.0439547	0.0644331	0.0679154	0.0633375	0.0545853	0.0229475	-0.0252826	-0.0671007	-0.100862	-0.139023	-0.19393	-0.271272	-0.353187	-0.400479	-0.380733	-0.287333	-0.142955	0.0076594	0.125445	0.202257	0.243899	0.235122	0.149716	0	
0	0.0101047	0.00475451	0.00114413	-0.006485	-0.0142263	-0.0183269	-0.0160408	-0.00807799	-0.00997906	-0.0224803	-0.02716	-0.0273592	-0.0285672	-0.0222523	-0.0190048	-0.0302569	-0.0571574	-0.0705028	-0.0582107	-0.0543969	-0.0527609	-0.0514977	-0.0730002	-0.124137	-0.201457	-0.290757	-0.375941	-0.418195	-0.408493	-0.365377	-0.295418	-0.195726	-0.0461922	0.153003	0.405155	0.679342	0.946058	1.17557	1.34267	1.4149	1.35528	1.15693	0.857685	0.503452	0.151659	-0.179747	-0.462085	-0.671154	-0.790506	-0.803801	-0.730913	-0.601109	-0.449833	-0.305271	-0.19079	-0.102319	-0.0459982	-0.013138	0.0060515	0.00772963	0.0127625	0.0199149	0.0231029	0.0289654	0.0340244	0.0323848	0.0244839	0.0230745	0.0317106	0.0405926	0.0448424	0.0444967	0.0416755	0.0358824	0.0380306	0.0617032	0.0818656	0.073683	0.057596	0.0439661	0.0171719	-0.0154836	-0.0406113	-0.0688482	-0.109711	-0.166934	-0.251582	-0.35381	-0.427315	-0.430585	-0.361505	-0.247348	-0.122531	-0.0122206	0.0764428	0.140882	0.160714	0.109971	0	
0	-0.00443381	-0.0087622	-0.00821937	-0.00918384	-0.00579363	-0.00500676	-0.00700977	-0.00748819	-0.0204032	-0.0348578	-0.0303494	-0.0285672	-0.0309589	-0.0261941	-0.0309665	-0.0491691	-0.0721948	-0.0709904	-0.0525737	-0.0451904	-0.0494483	-0.0721594	-0.116658	-0.181699	-0.259463	-0.34596	-0.420234	-0.437005	-0.394163	-0.31526	-0.216375	-0.0851898	0.081509	0.282886	0.514026	0.766358	1.0129	1.22367	1.36877	1.41281	1.33214	1.11921	0.816276	0.470566	0.12899	-0.185435	-0.459288	-0.667881	-0.793216	-0.817206	-0.754124	-0.625621	-0.473211	-0.325969	-0.205157	-0.116142	-0.0598701	-0.0252327	1.30918e-05	0.0115428	0.0197825	0.0272828	0.0322653	0.0313208	0.0280535	0.0294738	0.0264642	0.0311539	0.0461159	0.0470002	0.0419584	0.0440111	0.0426293	0.0415052	0.0556931	0.0801457	0.0888622	0.0717922	0.0501378	0.0361886	0.0233352	0.0127065	0.0003919	-0.0293815	-0.0781774	-0.145458	-0.246389	-0.37173	-0.468216	-0.492221	-0.44815	-0.363404	-0.259731	-0.1523	-0.0524226	0.02915	0.0731469	0.06009	0	
0	-0.00704044	-0.00924449	-0.0101729	-0.0123	-0.00718027	-0.00705132	-0.0117441	-0.0127775	-0.024665	-0.0321242	-0.0221994	-0.0222523	-0.0261941	-0.0335098	-0.052191	-0.0692378	-0.0758412	-0.0687138	-0.0535303	-0.0481722	-0.0683753	-0.11795	-0.181108	-0.251033	-0.323813	-0.398592	-0.449039	-0.435191	-0.360871	-0.250528	-0.12124	0.0375734	0.215696	0.408015	0.613489	0.839486	1.0617	1.24869	1.36225	1.37883	1.27673	1.06166	0.765638	0.437809	0.115828	-0.179694	-0.4421	-0.648053	-0.781657	-0.820169	-0.768674	-0.65339	-0.503906	-0.353814	-0.230536	-0.132145	-0.0652966	-0.0271199	0.00103648	0.0159533	0.0251094	0.0310823	0.0314651	0.0292456	0.028676	0.032574	0.0338684	0.0416482	0.0528115	0.0479878	0.041365	0.042805	0.0460017	0.0595318	0.0787433	0.0879875	0.0843354	0.0672647	0.0460688	0.0391298	0.0482017	0.0580792	0.0499483	0.0126611	-0.0496078	-0.137036	-0.262178	-0.409592	-0.524366	-0.567721	-0.547962	-0.487196	-0.396216	-0.286726	-0.177442	-0.0844799	-0.0205258	0.00500114	0	
0	-0.00501996	-0.00465051	-0.0104299	-0.0110578	-0.00481423	-0.0130657	-0.0235348	-0.0232956	-0.0257979	-0.027112	-0.0181618	-0.0190048	-0.0309665	-0.052191	-0.0715275	-0.0688251	-0.0642663	-0.0621192	-0.0539638	-0.0602244	-0.103373	-0.177249	-0.249725	-0.318152	-0.380944	-0.433204	-0.450126	-0.405927	-0.303704	-0.164932	-0.00492424	0.174543	0.355157	0.530598	0.708562	0.906343	1.10068	1.25621	1.33578	1.32257	1.20858	0.996721	0.719025	0.411993	0.111077	-0.1674	-0.42118	-0.62712	-0.769405	-0.821991	-0.784553	-0.676579	-0.53271	-0.379971	-0.24987	-0.14811	-0.071937	-0.0270905	0.00509853	0.0215628	0.0259833	0.0305282	0.0305445	0.027476	0.0303099	0.0416268	0.047742	0.0490535	0.0515684	0.0459479	0.039997	0.0462507	0.0638719	0.0846966	0.0901399	0.0819294	0.0767021	0.0660418	0.0514469	0.0610591	0.0933342	0.114152	0.101565	0.0523137	-0.0312725	-0.149398	-0.302493	-0.467757	-0.596975	-0.658871	-0.65953	-0.612997	-0.524848	-0.409449	-0.292667	-0.191975	-0.110872	-0.0485956	0	
0	0.00173172	0.00488249	0.00331871	-0.00497189	-0.0134239	-0.0242049	-0.0342132	-0.0311894	-0.0262235	-0.0240584	-0.0206536	-0.0302569	-0.0491691	-0.0692378	-0.0688251	-0.0538137	-0.0517936	-0.056538	-0.0621274	-0.0896609	-0.156709	-0.24347	-0.315502	-0.378108	-0.422502	-0.44103	-0.421531	-0.349063	-0.223982	-0.0562347	0.128384	0.319712	0.491389	0.646293	0.7957	0.963311	1.12354	1.24198	1.28532	1.24822	1.1286	0.932167	0.676274	0.396655	0.113766	-0.148732	-0.397194	-0.605805	-0.758074	-0.825632	-0.801445	-0.702266	-0.55782	-0.402679	-0.263203	-0.153338	-0.0741802	-0.0264539	0.00430669	0.0190153	0.0227386	0.025694	0.0298312	0.0368327	0.0432536	0.0517798	0.0539861	0.0473621	0.0458069	0.0449319	0.0472296	0.0653213	0.0883916	0.096552	0.0852887	0.0733406	0.0737492	0.0723884	0.0745688	0.106438	0.15276	0.172458	0.150002	0.083076	-0.0321405	-0.187995	-0.367359	-0.545741	-0.687552	-0.765737	-0.778565	-0.734208	-0.640291	-0.516588	-0.392676	-0.284357	-0.187321	-0.0934138	0	
0	-0.00096206	0.00542097	-0.00174185	-0.0125278	-0.0157359	-0.0238766	-0.0275336	-0.018714	-0.0165979	-0.0283839	-0.0418701	-0.0571574	-0.0721948	-0.0758412	-0.0642663	-0.0517936	-0.052916	-0.0661423	-0.0939404	-0.144598	-0.223514	-0.306684	-0.372203	-0.420754	-0.434146	-0.413184	-0.357198	-0.262059	-0.113058	0.0788321	0.280173	0.469464	0.624964	0.756129	0.876419	1.00782	1.1265	1.20185	1.2099	1.15417	1.0367	0.86048	0.631386	0.376672	0.114639	-0.136608	-0.375592	-0.585912	-0.743021	-0.821101	-0.807306	-0.714904	-0.57444	-0.416529	-0.275357	-0.163382	-0.0799454	-0.0340885	-0.00490445	0.013292	0.0215478	0.0318942	0.0416498	0.0490951	0.0526906	0.0550814	0.0500519	0.0397504	0.0444085	0.0575859	0.0705857	0.0879669	0.0974293	0.0911004	0.0781811	0.0713171	0.0781748	0.094366	0.122559	0.170321	0.215895	0.226677	0.189918	0.0956867	-0.0601754	-0.253925	-0.454654	-0.643646	-0.79683	-0.88515	-0.898339	-0.844929	-0.739572	-0.605658	-0.47198	-0.352532	-0.240056	-0.123105	0	
0	-0.00982826	-0.0140394	-0.0228559	-0.0258356	-0.0172966	-0.00976751	-0.0084095	-0.00833338	-0.0189676	-0.0409458	-0.0590561	-0.0705028	-0.0709904	-0.0687138	-0.0621192	-0.056538	-0.0661423	-0.100359	-0.15683	-0.223139	-0.297556	-0.37152	-0.425715	-0.448182	-0.423754	-0.362328	-0.277348	-0.15933	0.011457	0.220116	0.425341	0.600752	0.737114	0.842893	0.932871	1.02174	1.09426	1.12732	1.10763	1.04406	0.939922	0.790224	0.592888	0.364922	0.122016	-0.114667	-0.348461	-0.556289	-0.719265	-0.807475	-0.804558	-0.721682	-0.588241	-0.435297	-0.292958	-0.183252	-0.0976995	-0.042788	-0.00788328	0.0177788	0.0323883	0.0448675	0.0544261	0.055943	0.0486184	0.044478	0.0449515	0.046419	0.0615937	0.0811471	0.0904949	0.0943169	0.091655	0.0842149	0.0773592	0.0767966	0.0981427	0.14197	0.191762	0.239807	0.27453	0.272437	0.212723	0.0801446	-0.118608	-0.344439	-0.562636	-0.762008	-0.922684	-1.01031	-1.01147	-0.941327	-0.821505	-0.674229	-0.524813	-0.3887	-0.262072	-0.133678	0	
0	-0.0173095	-0.0196456	-0.02314	-0.0219425	-0.0145766	-0.0135234	-0.018291	-0.0262509	-0.0374506	-0.0518797	-0.0619363	-0.0582107	-0.0525737	-0.0535303	-0.0539638	-0.0621274	-0.0939404	-0.15683	-0.234831	-0.300023	-0.365048	-0.427469	-0.459565	-0.447809	-0.382823	-0.290607	-0.178836	-0.0388525	0.148601	0.362548	0.556486	0.714379	0.827625	0.910307	0.963189	1.00708	1.03181	1.02972	0.993901	0.935086	0.852495	0.736234	0.56982	0.370187	0.144735	-0.0820484	-0.308874	-0.522084	-0.692143	-0.795217	-0.809122	-0.73962	-0.613047	-0.462437	-0.316469	-0.196341	-0.103197	-0.0420644	0.000801274	0.0317217	0.0451174	0.0504786	0.0499111	0.0461051	0.042177	0.0463314	0.0577381	0.0668325	0.0821926	0.0967908	0.0959965	0.0894651	0.0846752	0.0822272	0.0839416	0.0991089	0.145643	0.212531	0.267243	0.30437	0.324765	0.302212	0.20704	0.0309231	-0.204867	-0.456234	-0.691168	-0.899518	-1.05862	-1.13236	-1.11219	-1.02182	-0.885136	-0.718836	-0.545723	-0.388049	-0.250784	-0.124351	0	
0	-0.000428671	0.00231839	-0.00487512	-0.0106182	-0.0142622	-0.0242517	-0.0402392	-0.0526827	-0.0591214	-0.0659218	-0.064855	-0.0543969	-0.0451904	-0.0481722	-0.0602244	-0.0896609	-0.144598	-0.223139	-0.300023	-0.355657	-0.408484	-0.447371	-0.44768	-0.39501	-0.300484	-0.18129	-0.0454577	0.113983	0.307974	0.510433	0.687351	0.821394	0.915783	0.966759	0.981899	0.974863	0.958498	0.929779	0.889169	0.84357	0.78568	0.698601	0.560827	0.378344	0.166259	-0.0570654	-0.284404	-0.499803	-0.679698	-0.79289	-0.816664	-0.755463	-0.632535	-0.478803	-0.326453	-0.201066	-0.09809	-0.0297674	0.00862514	0.0325019	0.0401621	0.0421911	0.0435729	0.0461432	0.0504528	0.0616327	0.0781086	0.0865282	0.0940818	0.099907	0.0924745	0.0830133	0.0812635	0.0886429	0.109686	0.150848	0.217459	0.289471	0.33671	0.360166	0.359957	0.303628	0.165142	-0.0498697	-0.314237	-0.588378	-0.839696	-1.05028	-1.19465	-1.24335	-1.19756	-1.08574	-0.928068	-0.734936	-0.530958	-0.350165	-0.208632	-0.0975856	0	
0	0.00108219	0.00814157	0.00606523	-0.00149327	-0.0151078	-0.0328782	-0.0495897	-0.0644302	-0.0682942	-0.0663041	-0.0642081	-0.0527609	-0.0494483	-0.0683753	-0.103373	-0.156709	-0.223514	-0.297556	-0.365048	-0.408484	-0.436554	-0.440465	-0.397892	-0.313904	-0.192576	-0.0497787	0.110545	0.280757	0.46583	0.648091	0.80058	0.914212	0.980531	0.998166	0.964977	0.912922	0.859944	0.817272	0.78155	0.75361	0.721945	0.661808	0.546585	0.382734	0.178194	-0.0392138	-0.264444	-0.483632	-0.665738	-0.786604	-0.818239	-0.759658	-0.636454	-0.482497	-0.325339	-0.197623	-0.100754	-0.0363065	0.00160717	0.0260962	0.0350555	0.0400339	0.0481007	0.0587478	0.0686386	0.0807405	0.0947258	0.0970825	0.0958394	0.0952859	0.0855718	0.0790332	0.0892746	0.118625	0.166283	0.226187	0.295284	0.359892	0.396584	0.400901	0.366741	0.266981	0.0885339	-0.156124	-0.444701	-0.741032	-1.00331	-1.20359	-1.32071	-1.33864	-1.26665	-1.13121	-0.94585	-0.718221	-0.480121	-0.279575	-0.142446	-0.0582944	0	
0	0.000308236	0.00183987	-0.0079125	-0.0193214	-0.030503	-0.0400041	-0.0500782	-0.056366	-0.0506237	-0.047526	-0.0484678	-0.0514977	-0.0721594	-0.11795	-0.177249	-0.24347	-0.306684	-0.37152	-0.427469	-0.447371	-0.440465	-0.398541	-0.324043	-0.212338	-0.0699695	0.0981315	0.27325	0.44003	0.604348	0.759734	0.889807	0.976739	1.01286	0.985925	0.909879	0.816036	0.743068	0.697104	0.675302	0.670417	0.662671	0.628084	0.534074	0.384016	0.192456	-0.0207903	-0.240355	-0.456244	-0.64136	-0.765687	-0.803831	-0.755554	-0.639209	-0.489408	-0.337348	-0.210097	-0.109111	-0.0424397	-0.00582303	0.020803	0.0373036	0.0500497	0.063403	0.077472	0.0877965	0.0951427	0.102585	0.0980076	0.0887381	0.0853217	0.08261	0.092323	0.126024	0.179815	0.243737	0.305924	0.366874	0.420577	0.44026	0.412032	0.33383	0.193277	-0.0154881	-0.28456	-0.596771	-0.910438	-1.1711	-1.34743	-1.43023	-1.41682	-1.31808	-1.15385	-0.93313	-0.666783	-0.39728	-0.185074	-0.0617868	-0.0125494	0	
0	-0.0132473	-0.0210857	-0.0322472	-0.0389881	-0.045126	-0.0482018	-0.0455518	-0.042282	-0.0323383	-0.029487	-0.0471816	-0.0730002	-0.116658	-0.181108	-0.249725	-0.315502	-0.372203	-0.425715	-0.459565	-0.44768	-0.397892	-0.324043	-0.223276	-0.0922051	0.0731578	0.255759	0.43157	0.579742	0.717331	0.84618	0.951083	1.00811	1.00427	0.935864	0.819895	0.703275	0.622174	0.587887	0.587167	0.606321	0.624783	0.61099	0.536578	0.40042	0.215748	0.0086179	-0.210083	-0.428382	-0.616412	-0.749811	-0.798042	-0.755844	-0.64651	-0.501503	-0.348486	-0.222543	-0.123496	-0.0514697	-0.00565492	0.0293485	0.0509852	0.0673886	0.0834028	0.0953383	0.100087	0.100025	0.0987312	0.0871894	0.0777015	0.0857541	0.104188	0.137797	0.192212	0.258128	0.323753	0.37975	0.428856	0.46349	0.451903	0.381413	0.262167	0.0907591	-0.142623	-0.435772	-0.767552	-1.08572	-1.3295	-1.47332	-1.52106	-1.47696	-1.34781	-1.14751	-0.886229	-0.583034	-0.290867	-0.0779629	0.0232015	0.0337931	0	
0	-0.0200686	-0.0352518	-0.0497938	-0.0570487	-0.0582955	-0.0469431	-0.0344892	-0.0299717	-0.0259868	-0.041414	-0.0788961	-0.124137	-0.181699	-0.251033	-0.318152	-0.378108	-0.420754	-0.448182	-0.447809	-0.39501	-0.313904	-0.212338	-0.0922051	0.0620148	0.240501	0.424637	0.583467	0.707088	0.816466	0.918981	0.993503	1.01225	0.966756	0.858732	0.718814	0.590557	0.517611	0.499668	0.522099	0.564298	0.601085	0.606173	0.544389	0.417989	0.240567	0.0343345	-0.182354	-0.401887	-0.596299	-0.73627	-0.794129	-0.764373	-0.66065	-0.518931	-0.366476	-0.232659	-0.124438	-0.0449665	0.00525564	0.0444817	0.0717567	0.0881363	0.0984436	0.103716	0.0993476	0.0883683	0.0836339	0.0804491	0.0870763	0.116684	0.157955	0.208658	0.271485	0.338042	0.398633	0.443233	0.470342	0.471362	0.419657	0.310745	0.160725	-0.0357691	-0.293586	-0.607337	-0.946004	-1.25201	-1.46834	-1.57824	-1.59262	-1.51558	-1.34926	-1.107	-0.80582	-0.474321	-0.172224	0.0302474	0.103757	0.0761438	0	
0	-0.0209463	-0.0347286	-0.0451142	-0.0436858	-0.0390117	-0.0337457	-0.0323354	-0.0441728	-0.0618811	-0.0950324	-0.148471	-0.201457	-0.259463	-0.323813	-0.380944	-0.422502	-0.434146	-0.423754	-0.382823	-0.300484	-0.192576	-0.0699695	0.0731578	0.240501	0.419552	0.586208	0.72159	0.817725	0.901255	0.971707	1.00921	0.98474	0.899902	0.765373	0.613993	0.491665	0.432677	0.436833	0.480191	0.54027	0.593281	0.60826	0.557232	0.435402	0.259874	0.0537313	-0.165939	-0.38998	-0.588463	-0.736093	-0.800445	-0.772562	-0.671579	-0.527267	-0.368773	-0.230684	-0.116622	-0.0295207	0.0271837	0.067524	0.088712	0.0968491	0.0975554	0.0915901	0.0826876	0.0774855	0.0857395	0.100821	0.128141	0.177118	0.232366	0.289442	0.352409	0.413566	0.46119	0.481695	0.47301	0.4339	0.346905	0.209524	0.0341409	-0.187301	-0.46607	-0.787716	-1.11597	-1.39768	-1.58388	-1.66185	-1.64192	-1.52594	-1.31616	-1.0315	-0.698223	-0.351783	-0.0532869	0.12994	0.17377	0.111693	0	
0	-0.00133191	-0.00164534	-0.00323904	-0.0060705	-0.0173091	-0.0270661	-0.0470284	-0.0851398	-0.123363	-0.172199	-0.233669	-0.290757	-0.34596	-0.398592	-0.433204	-0.44103	-0.413184	-0.362328	-0.290607	-0.18129	-0.0497787	0.0981315	0.255759	0.424637	0.586208	0.729645	0.838325	0.910497	0.962385	0.995446	0.988446	0.923011	0.808474	0.660618	0.513561	0.403807	0.36517	0.38754	0.448267	0.52128	0.582473	0.605953	0.55871	0.440937	0.26673	0.0600086	-0.159802	-0.384171	-0.585539	-0.734197	-0.800414	-0.775081	-0.670082	-0.52196	-0.357452	-0.211064	-0.0940908	-0.0078318	0.0418362	0.0722778	0.0854935	0.0844895	0.0804771	0.0797642	0.0812507	0.0893044	0.116423	0.152371	0.195266	0.253984	0.314911	0.372354	0.428367	0.472888	0.492947	0.477129	0.429507	0.356666	0.243246	0.0815439	-0.118971	-0.361166	-0.647631	-0.959467	-1.26455	-1.5184	-1.676	-1.72161	-1.66215	-1.50089	-1.24643	-0.926484	-0.574537	-0.227913	0.0557411	0.214719	0.230166	0.139385	0	
0	0.0116548	0.0220772	0.0226074	0.0172256	-0.00206643	-0.0327088	-0.0749032	-0.130779	-0.186039	-0.248293	-0.319416	-0.375941	-0.420234	-0.449039	-0.450126	-0.421531	-0.357198	-0.277348	-0.178836	-0.0454577	0.110545	0.27325	0.43157	0.583467	0.72159	0.838325	0.923996	0.966223	0.9819	0.969517	0.920679	0.822772	0.693439	0.547905	0.41442	0.324928	0.304599	0.344452	0.417309	0.498938	0.566955	0.593954	0.552246	0.436763	0.26589	0.0613296	-0.155172	-0.377115	-0.573893	-0.720177	-0.783771	-0.754397	-0.649093	-0.499598	-0.337339	-0.196275	-0.0853111	-0.00769397	0.0350155	0.0598482	0.0692826	0.0719659	0.0764852	0.0866141	0.105226	0.133333	0.176486	0.22403	0.275544	0.339545	0.399784	0.446936	0.481554	0.49489	0.478378	0.42654	0.347496	0.248426	0.110987	-0.0748062	-0.29488	-0.543501	-0.819649	-1.10887	-1.38706	-1.61423	-1.74249	-1.7506	-1.64539	-1.43737	-1.1449	-0.803135	-0.448012	-0.113835	0.14798	0.281726	0.272528	0.159524	0	
0	0.00896535	0.0124654	0.00841777	-0.0052843	-0.0369899	-0.0731142	-0.121196	-0.187035	-0.249276	-0.312374	-0.376014	-0.418195	-0.437005	-0.435191	-0.405927	-0.349063	-0.262059	-0.15933	-0.0388525	0.113983	0.280757	0.44003	0.579742	0.707088	0.817725	0.910497	0.966223	0.973181	0.943802	0.888609	0.805857	0.691562	0.563427	0.432025	0.320612	0.252106	0.251584	0.305603	0.390081	0.480023	0.554379	0.588452	0.552392	0.443811	0.278218	0.0795999	-0.132815	-0.349583	-0.545146	-0.690743	-0.75628	-0.732367	-0.631621	-0.489707	-0.33369	-0.199591	-0.0965442	-0.0216611	0.0194169	0.046259	0.0642916	0.0775851	0.0968803	0.125454	0.159138	0.198599	0.253302	0.310808	0.365598	0.423936	0.468712	0.490223	0.491603	0.469142	0.419305	0.338696	0.233723	0.109571	-0.051161	-0.253804	-0.477767	-0.714672	-0.968159	-1.23129	-1.48367	-1.683	-1.7762	-1.74025	-1.58779	-1.33972	-1.02294	-0.675523	-0.330867	-0.0173025	0.220348	0.331103	0.302272	0.17323	0	
0	-0.0122976	-0.0251058	-0.0460179	-0.072421	-0.110586	-0.15489	-0.207306	-0.268173	-0.318176	-0.362911	-0.40068	-0.408493	-0.394163	-0.360871	-0.303704	-0.223982	-0.113058	0.011457	0.148601	0.307974	0.46583	0.604348	0.717331	0.816466	0.901255	0.962385	0.9819	0.943802	0.871573	0.781498	0.681422	0.567329	0.453539	0.345034	0.257287	0.21081	0.226774	0.293847	0.387417	0.484202	0.564313	0.603047	0.571956	0.466901	0.305078	0.107378	-0.102861	-0.321898	-0.519096	-0.669527	-0.742038	-0.72494	-0.632583	-0.497135	-0.347909	-0.21541	-0.110293	-0.0338151	0.0147197	0.0529548	0.0835613	0.112104	0.145303	0.185984	0.233694	0.285901	0.346538	0.401611	0.445069	0.482777	0.498792	0.486672	0.454195	0.401016	0.323907	0.217472	0.0868698	-0.0599485	-0.234482	-0.437246	-0.647313	-0.861148	-1.08905	-1.32698	-1.55193	-1.7171	-1.768	-1.68619	-1.49348	-1.21966	-0.895474	-0.556957	-0.231845	0.0580344	0.273043	0.364979	0.321736	0.181926	0	
0	-0.0361067	-0.076235	-0.11841	-0.162272	-0.215449	-0.263642	-0.309772	-0.356704	-0.383602	-0.393818	-0.392872	-0.365377	-0.31526	-0.250528	-0.164932	-0.0562347	0.0788321	0.220116	0.362548	0.510433	0.648091	0.759734	0.84618	0.918981	0.971707	0.995446	0.969517	0.888609	0.781498	0.673285	0.572439	0.47158	0.380177	0.295389	0.2303	0.201253	0.230502	0.306548	0.405961	0.506618	0.589007	0.628767	0.597997	0.492076	0.327604	0.128004	-0.0882345	-0.31065	-0.514236	-0.670533	-0.747431	-0.734818	-0.645077	-0.510544	-0.358214	-0.223921	-0.114238	-0.0257562	0.0345788	0.0846439	0.129031	0.171349	0.219771	0.274364	0.328902	0.380307	0.433068	0.47172	0.490194	0.497054	0.480394	0.437278	0.376516	0.296484	0.192723	0.0607472	-0.0904592	-0.247502	-0.418333	-0.60473	-0.791156	-0.979736	-1.18262	-1.39293	-1.58351	-1.70687	-1.71329	-1.59266	-1.37467	-1.09296	-0.776831	-0.457102	-0.155214	0.112167	0.308443	0.386387	0.33343	0.186981	0	
0	-0.0674982	-0.131909	-0.197129	-0.258116	-0.315893	-0.359319	-0.391598	-0.413699	-0.408029	-0.387701	-0.356004	-0.295418	-0.216375	-0.12124	-0.00492424	0.128384	0.280173	0.425341	0.556486	0.687351	0.80058	0.889807	0.951083	0.993503	1.00921	0.988446	0.920679	0.805857	0.681422	0.572439	0.484199	0.404731	0.335969	0.272705	0.224137	0.207176	0.244377	0.324045	0.425163	0.525021	0.605265	0.642614	0.607545	0.498079	0.330334	0.125637	-0.0918576	-0.318992	-0.524299	-0.681478	-0.759823	-0.746548	-0.654059	-0.515484	-0.358617	-0.212736	-0.0902106	0.00731093	0.0804271	0.146298	0.206056	0.261429	0.316507	0.371397	0.420339	0.457947	0.488525	0.499126	0.487114	0.463998	0.419027	0.348584	0.260337	0.153038	0.0248459	-0.124367	-0.281173	-0.430589	-0.583178	-0.745773	-0.907224	-1.07053	-1.24488	-1.41987	-1.56834	-1.64782	-1.6168	-1.4726	-1.24803	-0.974877	-0.677465	-0.380751	-0.101194	0.14755	0.329909	0.398404	0.339549	0.189508	0	
0	-0.0893602	-0.176142	-0.253752	-0.316703	-0.370259	-0.402658	-0.416298	-0.416786	-0.390272	-0.342737	-0.283137	-0.195726	-0.0851898	0.0375734	0.174543	0.319712	0.469464	0.600752	0.714379	0.821394	0.914212	0.976739	1.00811	1.01225	0.98474	0.923011	0.822772	0.691562	0.567329	0.47158	0.404731	0.34761	0.30007	0.253044	0.216439	0.2082	0.249787	0.332626	0.433221	0.532013	0.610096	0.642998	0.604573	0.490356	0.318032	0.111878	-0.110394	-0.337119	-0.541924	-0.697131	-0.768849	-0.74741	-0.646927	-0.49775	-0.32784	-0.173467	-0.0397113	0.0753118	0.163764	0.24012	0.305109	0.360688	0.411091	0.453241	0.481364	0.494063	0.497202	0.479171	0.439772	0.389608	0.316336	0.217542	0.102931	-0.0259213	-0.166858	-0.316784	-0.462103	-0.591646	-0.720977	-0.859355	-0.994943	-1.1281	-1.26549	-1.39755	-1.50248	-1.54559	-1.49248	-1.34363	-1.12962	-0.876476	-0.602545	-0.328244	-0.0672391	0.167771	0.340827	0.403627	0.341762	0.190307	0	
0	-0.0893065	-0.171367	-0.245968	-0.306084	-0.351143	-0.370045	-0.37048	-0.354664	-0.306351	-0.2404	-0.158295	-0.0461922	0.081509	0.215696	0.355157	0.491389	0.624964	0.737114	0.827625	0.915783	0.980531	1.01286	1.00427	0.966756	0.899902	0.808474	0.693439	0.563427	0.453539	0.380177	0.335969	0.30007	0.268354	0.232784	0.204284	0.200423	0.246235	0.328715	0.429141	0.525525	0.599773	0.630002	0.586107	0.469531	0.29643	0.0890912	-0.128613	-0.352403	-0.550817	-0.695807	-0.757529	-0.724728	-0.609608	-0.44695	-0.264921	-0.0931829	0.0550625	0.175198	0.265306	0.340779	0.400479	0.443741	0.474446	0.494298	0.498156	0.484231	0.46078	0.416076	0.348678	0.269554	0.168404	0.0456455	-0.0861169	-0.222064	-0.358563	-0.494148	-0.618733	-0.725351	-0.831349	-0.943576	-1.047	-1.14103	-1.2344	-1.32317	-1.39302	-1.41543	-1.35889	-1.22246	-1.03091	-0.803111	-0.552412	-0.296891	-0.0495206	0.176485	0.344037	0.40396	0.341187	0.189887	0	
0	-0.066357	-0.127119	-0.179676	-0.217336	-0.243865	-0.250735	-0.237277	-0.206539	-0.145667	-0.0614399	0.0339645	0.153003	0.282886	0.408015	0.530598	0.646293	0.756129	0.842893	0.910307	0.966759	0.998166	0.985925	0.935864	0.858732	0.765373	0.660618	0.547905	0.432025	0.345034	0.295389	0.272705	0.253044	0.232784	0.20551	0.181447	0.183751	0.231666	0.317801	0.418117	0.514421	0.588655	0.615726	0.571324	0.453848	0.281194	0.0797128	-0.134399	-0.348973	-0.535202	-0.667117	-0.710952	-0.658776	-0.52896	-0.352516	-0.159266	0.0128262	0.158499	0.276715	0.360852	0.423878	0.464184	0.486393	0.496077	0.491134	0.468535	0.429682	0.378923	0.3039	0.208418	0.104599	-0.0170549	-0.151523	-0.283798	-0.410366	-0.530606	-0.645998	-0.748164	-0.831029	-0.910297	-0.988938	-1.05106	-1.09998	-1.15059	-1.20581	-1.25678	-1.27684	-1.23318	-1.1207	-0.957224	-0.754975	-0.524153	-0.2826	-0.0441077	0.17677	0.341601	0.400622	0.338468	0.188524	0	
0	-0.0282982	-0.052594	-0.0736057	-0.0843699	-0.0835951	-0.0602443	-0.0218515	0.0313127	0.11103	0.200073	0.295763	0.405155	0.514026	0.613489	0.708562	0.7957	0.876419	0.932871	0.963189	0.981899	0.964977	0.909879	0.819895	0.718814	0.613993	0.513561	0.41442	0.320612	0.257287	0.2303	0.224137	0.216439	0.204284	0.181447	0.163266	0.169095	0.22374	0.312358	0.415952	0.514676	0.589061	0.618839	0.574248	0.460657	0.295061	0.10076	-0.101045	-0.303409	-0.476715	-0.592422	-0.622191	-0.560308	-0.421406	-0.242016	-0.0525548	0.117024	0.256139	0.358705	0.423116	0.465635	0.486486	0.486809	0.470862	0.441212	0.39214	0.323066	0.243247	0.143062	0.0267853	-0.09167	-0.218378	-0.347355	-0.466762	-0.576108	-0.676712	-0.770661	-0.848154	-0.901909	-0.946177	-0.982736	-0.999246	-1.0064	-1.02561	-1.06408	-1.11421	-1.14722	-1.12684	-1.04341	-0.908453	-0.728851	-0.513389	-0.281175	-0.0476722	0.170887	0.334829	0.394258	0.333888	0.186326	0	
0	0.00955302	0.0279926	0.0500119	0.0833662	0.126361	0.181404	0.247729	0.321212	0.409977	0.502469	0.587374	0.679342	0.766358	0.839486	0.906343	0.963311	1.00782	1.02174	1.00708	0.974863	0.912922	0.816036	0.703275	0.590557	0.491665	0.403807	0.324928	0.252106	0.21081	0.201253	0.207176	0.2082	0.200423	0.183751	0.169095	0.184391	0.245114	0.341873	0.450984	0.553904	0.633772	0.664452	0.623004	0.512917	0.350762	0.16463	-0.031922	-0.227463	-0.391469	-0.499715	-0.521626	-0.451825	-0.313084	-0.137932	0.0439669	0.196166	0.315308	0.398754	0.444999	0.46792	0.463265	0.437172	0.395635	0.336079	0.256899	0.164415	0.0642535	-0.0532008	-0.17626	-0.291567	-0.409375	-0.524311	-0.625901	-0.715501	-0.794672	-0.863298	-0.908805	-0.924541	-0.926778	-0.919475	-0.896156	-0.87466	-0.879873	-0.919183	-0.982701	-1.03763	-1.04437	-0.99002	-0.881012	-0.720045	-0.515664	-0.289067	-0.0577464	0.160302	0.32441	0.385089	0.327477	0.183286	0	
0	0.0631088	0.129232	0.196189	0.269971	0.349327	0.438332	0.527957	0.617355	0.710628	0.794397	0.870488	0.946058	1.0129	1.0617	1.10068	1.12354	1.1265	1.09426	1.03181	0.958498	0.859944	0.743068	0.622174	0.517611	0.432677	0.36517	0.304599	0.251584	0.226774	0.230502	0.244377	0.249787	0.246235	0.231666	0.22374	0.245114	0.314852	0.417535	0.530621	0.637849	0.71695	0.74818	0.703702	0.592353	0.431595	0.246237	0.0515579	-0.140772	-0.303339	-0.408238	-0.427349	-0.361432	-0.228509	-0.06381	0.100959	0.236933	0.33881	0.399971	0.420363	0.41443	0.382551	0.329322	0.259012	0.175881	0.0778127	-0.0311357	-0.140522	-0.25679	-0.371515	-0.475961	-0.579681	-0.676333	-0.757618	-0.824557	-0.876356	-0.910895	-0.915652	-0.888435	-0.850131	-0.80756	-0.759119	-0.726825	-0.735047	-0.788203	-0.872641	-0.951857	-0.984617	-0.956525	-0.869907	-0.72385	-0.527229	-0.303637	-0.0726873	0.145842	0.310579	0.373041	0.319095	0.17932	0	
0	0.111264	0.231214	0.344009	0.457246	0.570427	0.678273	0.778905	0.872185	0.964911	1.04576	1.11175	1.17557	1.22367	1.24869	1.25621	1.24198	1.20185	1.12732	1.02972	0.929779	0.817272	0.697104	0.587887	0.499668	0.436833	0.38754	0.344452	0.305603	0.293847	0.306548	0.324045	0.332626	0.328715	0.317801	0.312358	0.341873	0.417535	0.524517	0.640593	0.745988	0.823985	0.848175	0.796658	0.679569	0.512331	0.323583	0.124588	-0.0724063	-0.236661	-0.342522	-0.364474	-0.300714	-0.176341	-0.025703	0.121446	0.232905	0.307368	0.338718	0.331232	0.300588	0.242241	0.165052	0.0773237	-0.0209395	-0.12902	-0.236193	-0.33849	-0.447192	-0.549417	-0.637435	-0.723336	-0.799194	-0.855105	-0.890981	-0.906235	-0.899643	-0.861466	-0.79613	-0.728913	-0.667241	-0.611482	-0.584513	-0.607399	-0.680514	-0.786921	-0.888021	-0.943097	-0.937665	-0.870238	-0.736332	-0.545285	-0.323097	-0.0915047	0.127875	0.293268	0.357846	0.308488	0.174292	0	
0	0.154761	0.310575	0.45737	0.598326	0.731941	0.856372	0.968165	1.07064	1.16275	1.23698	1.29589	1.34267	1.36877	1.36225	1.33578	1.28532	1.2099	1.10763	0.993901	0.889169	0.78155	0.675302	0.587167	0.522099	0.480191	0.448267	0.417309	0.390081	0.387417	0.405961	0.425163	0.433221	0.429141	0.418117	0.415952	0.450984	0.530621	0.640593	0.753604	0.856824	0.92616	0.940591	0.87731	0.749187	0.573313	0.377694	0.170029	-0.0318536	-0.201213	-0.312011	-0.337179	-0.283243	-0.174042	-0.042816	0.0785929	0.163188	0.210681	0.215989	0.185348	0.130977	0.0540889	-0.0343088	-0.129483	-0.227668	-0.329097	-0.428838	-0.522731	-0.617286	-0.700862	-0.770496	-0.834635	-0.881048	-0.901792	-0.898852	-0.873526	-0.827062	-0.753904	-0.664687	-0.586061	-0.522584	-0.474171	-0.462672	-0.504948	-0.597964	-0.722981	-0.841218	-0.914325	-0.928452	-0.877976	-0.754548	-0.567906	-0.346319	-0.113665	0.106464	0.272211	0.339113	0.295327	0.168029	0	
0	0.171636	0.348583	0.509871	0.665183	0.816407	0.951875	1.07086	1.17803	1.27162	1.34017	1.38734	1.4149	1.41281	1.37883	1.32257	1.24822	1.15417	1.04406	0.935086	0.84357	0.75361	0.670417	0.606321	0.564298	0.54027	0.52128	0.498938	0.480023	0.484202	0.506618	0.525021	0.532013	0.525525	0.514421	0.514676	0.553904	0.637849	0.745988	0.856824	0.951525	1.01103	1.0106	0.9312	0.788734	0.600002	0.391893	0.172989	-0.0397611	-0.219416	-0.336479	-0.371524	-0.329572	-0.236313	-0.125702	-0.0285943	0.0311087	0.0569908	0.0406582	-0.00733107	-0.0709148	-0.152033	-0.240479	-0.330744	-0.423091	-0.517575	-0.603747	-0.681107	-0.758791	-0.821004	-0.863854	-0.895398	-0.904005	-0.884736	-0.842244	-0.78145	-0.706348	-0.61415	-0.519098	-0.44566	-0.393129	-0.360258	-0.367607	-0.428297	-0.537278	-0.675567	-0.805805	-0.8933	-0.9249	-0.890135	-0.776433	-0.593815	-0.37262	-0.138927	0.0814807	0.247021	0.31638	0.279236	0.160326	0	
0	0.169465	0.345365	0.510988	0.668455	0.819783	0.955853	1.07519	1.18129	1.26505	1.31972	1.34942	1.35528	1.33214	1.27673	1.20858	1.1286	1.0367	0.939922	0.852495	0.78568	0.721945	0.662671	0.624783	0.601085	0.593281	0.582473	0.566955	0.554379	0.564313	0.589007	0.605265	0.610096	0.599773	0.588655	0.589061	0.633772	0.71695	0.823985	0.92616	1.01103	1.05516	1.03529	0.93582	0.774921	0.56822	0.345987	0.110471	-0.115842	-0.305153	-0.432126	-0.474789	-0.442315	-0.363255	-0.269453	-0.189828	-0.145329	-0.134797	-0.161571	-0.210674	-0.274819	-0.354814	-0.437757	-0.520717	-0.602038	-0.680674	-0.749443	-0.808721	-0.8609	-0.889559	-0.897321	-0.891515	-0.860157	-0.80365	-0.730875	-0.649035	-0.562122	-0.468078	-0.382567	-0.325288	-0.289603	-0.274031	-0.298544	-0.373423	-0.492949	-0.639018	-0.776839	-0.876175	-0.924155	-0.904622	-0.800545	-0.622149	-0.401583	-0.16723	0.0526761	0.217241	0.289146	0.259806	0.150952	0	
