0	0	0	0	0	0	0	0	0	0	0	0	0	0	0	0	0	0	0	0	0	0	0	0	0	0	0	0	0	0	0	0	0	0	0	0	0	0	0	0	0	0	0	0	0	0	0	0	0	0	0	0	0	0	0	0	0	0	0	0	0	0	0	0	0	0	0	0	0	0	0	0	0	0	0	0	0	0	0	0	0	0	0	0	0	0	0	0	0	0	0	0	0	0	0	0	0	0	0	0	
0	-0.0564333	-0.104524	-0.142969	-0.167392	-0.184604	-0.194211	-0.199406	-0.201998	-0.201109	-0.203911	-0.209356	-0.221065	-0.234217	-0.244553	-0.250024	-0.248039	-0.241166	-0.226752	-0.207557	-0.184597	-0.162046	-0.140854	-0.118004	-0.0886975	-0.056871	-0.0238295	0.00555964	0.0305611	0.0575427	0.082075	0.104934	0.125677	0.142332	0.153897	0.162547	0.16877	0.175776	0.176843	0.174278	0.169977	0.16831	0.16572	0.161076	0.156142	0.155918	0.157009	0.157661	0.159052	0.16231	0.162895	0.161018	0.156744	0.147366	0.136695	0.130984	0.128061	0.131008	0.14797	0.171346	0.198453	0.225853	0.254341	0.277107	0.296723	0.314071	0.325654	0.331048	0.328369	0.323398	0.316826	0.313878	0.314486	0.313694	0.309423	0.300455	0.287532	0.268584	0.244174	0.218848	0.193088	0.166724	0.14409	0.119378	0.0875505	0.0554686	0.0289104	0.00795131	-0.0123825	-0.0304901	-0.0447645	-0.0563521	-0.0612875	-0.0618561	-0.0591356	-0.0511918	-0.0414135	-0.0305939	-0.0168793	0	
0	-0.104524	-0.194738	-0.26247	-0.306577	-0.333976	-0.347591	-0.354675	-0.353632	-0.35047	-0.351783	-0.360151	-0.382702	-0.406029	-0.428098	-0.438853	-0.4376	-0.426704	-0.402953	-0.369233	-0.329425	-0.29069	-0.253148	-0.21346	-0.160732	-0.101604	-0.0406826	0.0110769	0.0596379	0.107453	0.153938	0.199982	0.241315	0.273275	0.300745	0.317768	0.331914	0.348814	0.355784	0.352432	0.347719	0.344814	0.344034	0.338179	0.329659	0.326286	0.331229	0.334475	0.336633	0.339222	0.340275	0.335277	0.324962	0.302346	0.278728	0.264105	0.254451	0.257296	0.285661	0.329851	0.378259	0.43057	0.482497	0.524721	0.561365	0.591485	0.613689	0.620624	0.614327	0.602524	0.58748	0.581542	0.581157	0.580509	0.5728	0.557383	0.534997	0.501318	0.459074	0.413472	0.369091	0.323117	0.282671	0.240853	0.182169	0.123291	0.0783527	0.0400512	0.00319429	-0.0283293	-0.0563871	-0.0780656	-0.0883585	-0.0956309	-0.0929073	-0.0765112	-0.0621188	-0.0493774	-0.0287475	0	
0	-0.142969	-0.26247	-0.352411	-0.403454	-0.432699	-0.441587	-0.439431	-0.43045	-0.415111	-0.411073	-0.418562	-0.44663	-0.482151	-0.51327	-0.533074	-0.53447	-0.524125	-0.494892	-0.453546	-0.403505	-0.355955	-0.31282	-0.266026	-0.200617	-0.12637	-0.0477709	0.022136	0.0828962	0.149951	0.21423	0.277111	0.336369	0.386516	0.425718	0.457149	0.483914	0.513735	0.528626	0.532261	0.530253	0.534252	0.535842	0.529873	0.520802	0.522917	0.527914	0.530058	0.531929	0.537003	0.53344	0.521023	0.499924	0.462527	0.42097	0.391867	0.371085	0.367859	0.403818	0.460095	0.527059	0.595969	0.666673	0.722268	0.768782	0.807876	0.832127	0.838267	0.82276	0.801137	0.776896	0.765581	0.766651	0.766958	0.76021	0.742914	0.715987	0.674744	0.620584	0.564608	0.509463	0.45433	0.410077	0.360501	0.289819	0.217146	0.159002	0.113579	0.0677918	0.025365	-0.0110962	-0.043045	-0.0603635	-0.0701952	-0.0732727	-0.0642123	-0.0535842	-0.0435483	-0.0267707	0	
0	-0.167392	-0.306577	-0.403454	-0.45421	-0.474099	-0.469369	-0.453402	-0.426272	-0.397061	-0.380524	-0.382074	-0.413936	-0.454459	-0.496578	-0.522721	-0.530728	-0.524076	-0.497032	-0.455569	-0.405023	-0.359261	-0.31916	-0.274893	-0.208317	-0.12766	-0.0413659	0.0318107	0.100141	0.172915	0.246526	0.324045	0.397731	0.460855	0.517251	0.560518	0.601077	0.648235	0.677989	0.69111	0.699909	0.712088	0.724673	0.726435	0.721027	0.722499	0.734118	0.740568	0.742555	0.741966	0.73393	0.712688	0.677601	0.618485	0.554144	0.505071	0.465658	0.451022	0.48395	0.547567	0.622977	0.704331	0.785407	0.849431	0.90234	0.94338	0.96942	0.968981	0.944331	0.910362	0.874416	0.858311	0.857364	0.860673	0.855735	0.840595	0.815512	0.773386	0.719695	0.662652	0.609347	0.558506	0.519358	0.476325	0.404408	0.328785	0.274232	0.230137	0.183824	0.141358	0.100016	0.0626232	0.0376247	0.0129512	-0.00031342	0.00274034	-0.00192422	-0.0124082	-0.0125954	0	
0	-0.184604	-0.333976	-0.432699	-0.474099	-0.478297	-0.453914	-0.415283	-0.366909	-0.316044	-0.282966	-0.2756	-0.304351	-0.351662	-0.399426	-0.435146	-0.448663	-0.448143	-0.424908	-0.386356	-0.339522	-0.300035	-0.269523	-0.236905	-0.178024	-0.102997	-0.0211108	0.0497818	0.112913	0.185303	0.261765	0.343193	0.424588	0.497963	0.563345	0.619346	0.674384	0.736861	0.783645	0.813253	0.833931	0.86124	0.886479	0.897849	0.899846	0.913146	0.928671	0.936375	0.937565	0.937362	0.921072	0.88633	0.832925	0.750518	0.659905	0.58406	0.522199	0.490302	0.516181	0.579301	0.660509	0.747957	0.83582	0.904179	0.958792	0.999649	1.02134	1.01429	0.976738	0.929841	0.8829	0.860465	0.861403	0.868151	0.870208	0.862201	0.842468	0.80718	0.758655	0.708788	0.665057	0.626927	0.60604	0.579392	0.520879	0.456852	0.412552	0.380841	0.344197	0.305989	0.26514	0.22284	0.191043	0.158363	0.128728	0.109273	0.0824734	0.0455254	0.014422	0	
0	-0.194211	-0.347591	-0.441587	-0.469369	-0.453914	-0.406246	-0.343839	-0.271291	-0.198633	-0.147414	-0.128025	-0.15356	-0.201369	-0.256598	-0.296665	-0.317763	-0.322253	-0.304126	-0.27183	-0.231173	-0.201229	-0.185115	-0.165599	-0.121269	-0.0569281	0.0156801	0.0752224	0.127258	0.190301	0.258718	0.337241	0.416954	0.493227	0.563381	0.626111	0.691467	0.769019	0.828624	0.87187	0.909345	0.953404	0.995363	1.02212	1.03755	1.05841	1.08465	1.1007	1.10615	1.10162	1.07842	1.03239	0.959665	0.851802	0.730784	0.62573	0.536123	0.483197	0.494962	0.552457	0.634239	0.724316	0.814562	0.885864	0.940759	0.980181	0.999002	0.984537	0.938042	0.878621	0.822537	0.79637	0.797436	0.811189	0.821003	0.822448	0.813496	0.787503	0.751869	0.71545	0.686426	0.66994	0.672187	0.668019	0.630726	0.584846	0.559179	0.544883	0.522288	0.494939	0.460274	0.418982	0.378916	0.330196	0.284358	0.244279	0.186956	0.116111	0.0511693	0	
0	-0.199406	-0.354675	-0.439431	-0.453402	-0.415283	-0.343839	-0.256742	-0.158877	-0.0650742	0.00626868	0.0370422	0.0188342	-0.0312712	-0.0890708	-0.13703	-0.163247	-0.173445	-0.162036	-0.133768	-0.100395	-0.0799155	-0.0742793	-0.0704701	-0.0407481	0.0107904	0.0685372	0.112865	0.150771	0.196389	0.252774	0.320852	0.394012	0.463226	0.531131	0.592239	0.659783	0.740629	0.814421	0.871647	0.920695	0.977804	1.03705	1.0812	1.11176	1.14962	1.18837	1.21486	1.22587	1.22493	1.19876	1.14157	1.05094	0.918177	0.76936	0.631725	0.51313	0.437166	0.430358	0.479697	0.557851	0.648829	0.739402	0.811653	0.867457	0.904044	0.920103	0.900179	0.844712	0.776287	0.712743	0.683653	0.688966	0.709912	0.731784	0.747251	0.750121	0.739598	0.719761	0.698367	0.688634	0.694201	0.720502	0.741951	0.727466	0.702563	0.697697	0.701576	0.695667	0.680312	0.649161	0.605948	0.560081	0.500601	0.436706	0.373986	0.291368	0.186264	0.0828837	0	
0	-0.201998	-0.353632	-0.43045	-0.426272	-0.366909	-0.271291	-0.158877	-0.0388879	0.0765446	0.164738	0.207015	0.194065	0.143734	0.0793579	0.0268338	-0.00770112	-0.0229974	-0.0159791	0.00585525	0.0336507	0.0466187	0.0388495	0.0303199	0.0442108	0.0807787	0.124856	0.157	0.177615	0.208433	0.248591	0.300232	0.35668	0.41636	0.471775	0.526237	0.591018	0.672349	0.744378	0.804988	0.863658	0.934841	1.00755	1.06674	1.1161	1.17038	1.22581	1.26848	1.29445	1.30118	1.27654	1.21599	1.11264	0.962302	0.787405	0.620332	0.474426	0.374596	0.349366	0.385226	0.459596	0.547841	0.63618	0.709331	0.762126	0.797353	0.808697	0.783335	0.722093	0.644325	0.576789	0.546764	0.556173	0.588305	0.62393	0.654517	0.673912	0.678862	0.676086	0.673223	0.680168	0.7089	0.760159	0.802231	0.811069	0.806319	0.81401	0.830139	0.83509	0.824938	0.798146	0.755443	0.700351	0.629689	0.553069	0.469906	0.363631	0.237149	0.111311	0	
0	-0.201109	-0.35047	-0.415111	-0.397061	-0.316044	-0.198633	-0.0650742	0.0765446	0.208625	0.313151	0.365449	0.359185	0.307989	0.240809	0.180372	0.138526	0.116788	0.114299	0.130478	0.149429	0.153203	0.137271	0.117192	0.117609	0.143213	0.173743	0.190562	0.198417	0.209737	0.233123	0.269344	0.313114	0.356072	0.399215	0.43981	0.491406	0.559094	0.631037	0.693195	0.753238	0.825167	0.906799	0.981097	1.04751	1.11913	1.19401	1.25812	1.30259	1.32435	1.31241	1.25667	1.14986	0.989033	0.798177	0.607837	0.438718	0.319937	0.274722	0.299907	0.366914	0.452633	0.537938	0.608829	0.660462	0.690848	0.698076	0.66698	0.598569	0.513679	0.440445	0.408116	0.421218	0.461834	0.511065	0.558288	0.593573	0.617189	0.634313	0.648339	0.674307	0.723125	0.790473	0.849545	0.873018	0.878758	0.895325	0.915531	0.924304	0.915944	0.88442	0.834255	0.769931	0.689529	0.60333	0.512196	0.397984	0.258477	0.119486	0	
0	-0.203911	-0.351783	-0.411073	-0.380524	-0.282966	-0.147414	0.00626868	0.164738	0.313151	0.431195	0.492613	0.492585	0.441287	0.36951	0.302971	0.25288	0.22494	0.216943	0.226926	0.239771	0.236815	0.211689	0.180275	0.167331	0.178143	0.19525	0.202959	0.198667	0.196994	0.207721	0.22665	0.252396	0.281013	0.307134	0.333996	0.374345	0.429406	0.487918	0.539503	0.595108	0.667716	0.751057	0.830917	0.909932	0.997409	1.08948	1.17447	1.24287	1.28693	1.29341	1.25113	1.15171	0.994177	0.798496	0.594865	0.413861	0.282912	0.226677	0.24301	0.307451	0.392143	0.475236	0.545564	0.592535	0.619103	0.617983	0.578736	0.502019	0.406737	0.327317	0.290183	0.304678	0.352993	0.41476	0.476361	0.527131	0.566609	0.597893	0.626452	0.664639	0.72664	0.806975	0.874318	0.907364	0.920062	0.931946	0.944678	0.947862	0.929532	0.89046	0.83442	0.761238	0.677374	0.588579	0.492145	0.37838	0.245726	0.114738	0	
0	-0.209356	-0.360151	-0.418562	-0.382074	-0.2756	-0.128025	0.0370422	0.207015	0.365449	0.492613	0.562718	0.568605	0.521124	0.448333	0.379222	0.323695	0.29232	0.27822	0.283592	0.289235	0.280658	0.248842	0.211033	0.187325	0.18761	0.193335	0.190306	0.174922	0.159616	0.1557	0.160975	0.17492	0.190465	0.203193	0.216432	0.240179	0.276694	0.323404	0.365502	0.413804	0.475333	0.552234	0.632699	0.720222	0.815106	0.921023	1.02536	1.11655	1.18294	1.21373	1.19353	1.11002	0.96619	0.777359	0.574057	0.39178	0.259277	0.19983	0.215114	0.281488	0.370062	0.455662	0.527507	0.573674	0.59761	0.59041	0.543534	0.459073	0.354436	0.266405	0.221803	0.23217	0.282472	0.350471	0.420113	0.481739	0.531729	0.572937	0.610342	0.655077	0.722247	0.802214	0.866894	0.897857	0.905258	0.906353	0.906192	0.899592	0.871467	0.823155	0.759461	0.679394	0.594653	0.510748	0.423791	0.323807	0.208426	0.0974677	0	
0	-0.221065	-0.382702	-0.44663	-0.413936	-0.304351	-0.15356	0.0188342	0.194065	0.359185	0.492585	0.568605	0.582114	0.536848	0.46733	0.395299	0.338801	0.306871	0.292476	0.298509	0.304666	0.294366	0.26393	0.221347	0.190403	0.180179	0.175049	0.163269	0.141878	0.115684	0.101945	0.0930347	0.0945195	0.0953649	0.0950332	0.0971535	0.109288	0.129586	0.161915	0.191233	0.227082	0.277235	0.342774	0.417859	0.503025	0.600387	0.710538	0.825734	0.933264	1.01936	1.07301	1.07261	1.01024	0.886353	0.714471	0.52131	0.348881	0.226857	0.175405	0.200459	0.277483	0.3785	0.47587	0.554687	0.605844	0.631687	0.619964	0.568298	0.476108	0.36371	0.267625	0.213067	0.218859	0.267505	0.337626	0.411355	0.476189	0.528847	0.568422	0.601099	0.640323	0.697724	0.764096	0.816176	0.836264	0.832539	0.817093	0.798452	0.7783	0.739348	0.685584	0.620915	0.543949	0.470479	0.398588	0.324719	0.245496	0.155702	0.0718026	0	
0	-0.234217	-0.406029	-0.482151	-0.454459	-0.351662	-0.201369	-0.0312712	0.143734	0.307989	0.441287	0.521124	0.536848	0.498935	0.429474	0.360885	0.304157	0.274221	0.263348	0.272902	0.28055	0.27686	0.249177	0.211342	0.180784	0.165468	0.154611	0.140306	0.11215	0.0791275	0.0553816	0.0346569	0.0234897	0.0141793	0.00236187	-0.0070506	-0.00789025	-0.0010387	0.0170181	0.0309903	0.058691	0.095992	0.147854	0.209332	0.290731	0.381694	0.489883	0.606735	0.722114	0.819725	0.887574	0.905164	0.859877	0.757232	0.603908	0.426806	0.272178	0.165735	0.133082	0.174589	0.270426	0.393136	0.509466	0.605304	0.667877	0.703541	0.695448	0.642775	0.550788	0.435236	0.333347	0.272473	0.269832	0.314276	0.381986	0.450106	0.513073	0.558768	0.5843	0.604238	0.625055	0.658122	0.698888	0.723643	0.721263	0.700001	0.662776	0.625499	0.596372	0.552067	0.499633	0.442797	0.376742	0.319677	0.267279	0.214568	0.159961	0.100731	0.0486772	0	
0	-0.244553	-0.428098	-0.51327	-0.496578	-0.399426	-0.256598	-0.0890708	0.0793579	0.240809	0.36951	0.448333	0.46733	0.429474	0.364805	0.293638	0.237708	0.209179	0.201277	0.214782	0.230315	0.230992	0.216232	0.187161	0.162029	0.148718	0.138227	0.122814	0.097599	0.0626298	0.0329311	0.00328961	-0.0150615	-0.0361363	-0.0597125	-0.0767325	-0.0893845	-0.099219	-0.0967478	-0.089633	-0.0732116	-0.0499893	-0.0155194	0.0371251	0.107977	0.190572	0.289368	0.400553	0.514339	0.612935	0.687914	0.71105	0.676955	0.587571	0.449997	0.289541	0.151027	0.0655493	0.0545111	0.120223	0.241466	0.392161	0.53992	0.658549	0.743482	0.797247	0.798174	0.753748	0.664932	0.552264	0.449693	0.38168	0.37343	0.411411	0.471159	0.532408	0.58522	0.615666	0.620409	0.613662	0.606907	0.606394	0.607427	0.599119	0.570102	0.525025	0.468252	0.41567	0.377192	0.332793	0.288681	0.243798	0.19535	0.162157	0.132775	0.102601	0.075071	0.047403	0.0254185	0	
0	-0.250024	-0.438853	-0.533074	-0.522721	-0.435146	-0.296665	-0.13703	0.0268338	0.180372	0.302971	0.379222	0.395299	0.360885	0.293638	0.220995	0.162322	0.130408	0.124137	0.140421	0.157864	0.168763	0.162788	0.145982	0.131688	0.122375	0.115399	0.107966	0.0891514	0.0604758	0.0331433	0.00180059	-0.0229212	-0.0514995	-0.0815626	-0.108347	-0.131289	-0.150094	-0.160325	-0.172071	-0.166004	-0.152696	-0.130088	-0.093534	-0.0324762	0.0398939	0.127554	0.228244	0.33413	0.428668	0.498234	0.519806	0.485834	0.401608	0.271351	0.12042	-0.00457108	-0.0744445	-0.0619215	0.0286676	0.177649	0.363941	0.547878	0.700129	0.815625	0.89496	0.915896	0.883251	0.805329	0.700419	0.597313	0.526528	0.508571	0.53608	0.585517	0.630718	0.669601	0.679975	0.654279	0.619164	0.580267	0.539339	0.502375	0.459534	0.402824	0.340192	0.267326	0.201246	0.157435	0.114569	0.0778757	0.0469489	0.0194838	0.0095215	0.00172651	-0.00618329	-0.00862089	-0.00754672	-0.000253439	0	
0	-0.248039	-0.4376	-0.53447	-0.530728	-0.448663	-0.317763	-0.163247	-0.00770112	0.138526	0.25288	0.323695	0.338801	0.304157	0.237708	0.162322	0.0991199	0.0628513	0.0539945	0.0662594	0.0853144	0.0958493	0.0984686	0.0922618	0.0873758	0.0857332	0.0861007	0.0863121	0.0793973	0.0616344	0.04004	0.0125463	-0.0095115	-0.03661	-0.0691615	-0.0973134	-0.126164	-0.157825	-0.186144	-0.204144	-0.205911	-0.206305	-0.202075	-0.177584	-0.128094	-0.065509	0.0111683	0.0995157	0.194266	0.278283	0.340231	0.352396	0.311514	0.22115	0.089084	-0.0592284	-0.180966	-0.241352	-0.211908	-0.0992906	0.0770883	0.299114	0.525337	0.717401	0.871907	0.986633	1.03434	1.02253	0.960766	0.866046	0.766433	0.689067	0.657821	0.668818	0.696034	0.720158	0.736651	0.719634	0.664941	0.599693	0.532378	0.46012	0.389271	0.320535	0.245798	0.168749	0.0873197	0.0166578	-0.0305061	-0.0711564	-0.100172	-0.120114	-0.134032	-0.129625	-0.121013	-0.111483	-0.0910811	-0.0564622	-0.0181873	0	
0	-0.241166	-0.426704	-0.524125	-0.524076	-0.448143	-0.322253	-0.173445	-0.0229974	0.116788	0.22494	0.29232	0.306871	0.274221	0.209179	0.130408	0.0628513	0.0185808	0.00475834	0.0121358	0.0272456	0.0383815	0.0441776	0.0454319	0.0469988	0.0477875	0.0499552	0.0561614	0.0593975	0.0567302	0.0468966	0.0307585	0.0159717	-0.00699212	-0.0356455	-0.0606784	-0.0899557	-0.12139	-0.155559	-0.185479	-0.201171	-0.210624	-0.218721	-0.208676	-0.172866	-0.120608	-0.0585182	0.0165662	0.0998568	0.174072	0.221883	0.220884	0.167086	0.064846	-0.0779379	-0.233115	-0.361487	-0.422326	-0.38462	-0.257366	-0.0580644	0.197832	0.468001	0.705152	0.90699	1.0638	1.14745	1.16292	1.12074	1.03915	0.940152	0.853653	0.802556	0.786594	0.785005	0.779371	0.767857	0.722383	0.637452	0.546716	0.456977	0.360856	0.269247	0.186783	0.106607	0.0301171	-0.0469799	-0.115563	-0.164953	-0.203717	-0.230209	-0.247815	-0.251253	-0.233066	-0.21357	-0.193249	-0.156973	-0.102937	-0.0441061	0	
0	-0.226752	-0.402953	-0.494892	-0.497032	-0.424908	-0.304126	-0.162036	-0.0159791	0.114299	0.216943	0.27822	0.292476	0.263348	0.201277	0.124137	0.0539945	0.00475834	-0.0142022	-0.0132567	-0.00455685	0.00152702	0.00599772	0.0101387	0.0147285	0.0171538	0.0190927	0.0270653	0.0385102	0.0443537	0.0437794	0.0370221	0.030205	0.0175938	0.00225124	-0.0144406	-0.0338611	-0.0631591	-0.102005	-0.135174	-0.150707	-0.166856	-0.186609	-0.191868	-0.171152	-0.130481	-0.0793655	-0.0170777	0.0503505	0.111364	0.14682	0.133842	0.0658009	-0.0537948	-0.210283	-0.378535	-0.520442	-0.591471	-0.557555	-0.425104	-0.213856	0.0695134	0.376181	0.659073	0.909961	1.11172	1.23846	1.28543	1.26896	1.20205	1.10511	1.00838	0.931712	0.882179	0.842346	0.800571	0.755063	0.678658	0.568384	0.45839	0.356945	0.251166	0.152429	0.0697711	-0.00703094	-0.0769598	-0.142085	-0.201669	-0.246958	-0.281316	-0.303802	-0.312743	-0.30826	-0.290072	-0.268035	-0.241486	-0.194784	-0.122409	-0.0490453	0	
0	-0.207557	-0.369233	-0.453546	-0.455569	-0.386356	-0.27183	-0.133768	0.00585525	0.130478	0.226926	0.283592	0.298509	0.272902	0.214782	0.140421	0.0662594	0.0121358	-0.0132567	-0.0203142	-0.016654	-0.0161159	-0.0136897	-0.00668533	-0.00166292	-0.00149259	-0.00475339	-0.00115813	0.00997814	0.023505	0.0296193	0.031349	0.0313175	0.0287305	0.0197475	0.0151639	0.00833178	-0.00821708	-0.0400262	-0.0657929	-0.0819967	-0.0973781	-0.121204	-0.134307	-0.122377	-0.0910461	-0.0543611	-0.00893168	0.0467831	0.0958704	0.116662	0.0893254	0.00647933	-0.127868	-0.300662	-0.483846	-0.644251	-0.731346	-0.709325	-0.584058	-0.368163	-0.0707567	0.26408	0.587447	0.882317	1.12945	1.2968	1.37797	1.38696	1.33274	1.23885	1.12892	1.02509	0.939445	0.859383	0.783054	0.706394	0.603984	0.477055	0.356457	0.248692	0.142617	0.0445578	-0.035195	-0.100289	-0.155945	-0.203978	-0.246847	-0.283142	-0.309597	-0.324763	-0.328083	-0.315141	-0.286191	-0.258085	-0.234277	-0.189953	-0.118018	-0.0482367	0	
0	-0.184597	-0.329425	-0.403505	-0.405023	-0.339522	-0.231173	-0.100395	0.0336507	0.149429	0.239771	0.289235	0.304666	0.28055	0.230315	0.157864	0.0853144	0.0272456	-0.00455685	-0.016654	-0.0217386	-0.0271974	-0.0285365	-0.0224324	-0.0167593	-0.0172317	-0.0262871	-0.0284022	-0.0180107	-0.00464338	0.00409594	0.00860714	0.0108815	0.0110826	0.0127484	0.0170573	0.0233079	0.0175548	-0.00158313	-0.0196729	-0.0267771	-0.031349	-0.0474185	-0.0605818	-0.0562102	-0.0301426	-0.000595719	0.0381348	0.0780652	0.112299	0.119048	0.0814394	-0.0140344	-0.164163	-0.349287	-0.546734	-0.722567	-0.825773	-0.822004	-0.708172	-0.498527	-0.197545	0.151216	0.502048	0.8319	1.11143	1.31343	1.42327	1.4522	1.41093	1.31884	1.19899	1.0731	0.953296	0.840051	0.735441	0.632093	0.513631	0.379064	0.254708	0.149612	0.0496317	-0.0422438	-0.114128	-0.170568	-0.213687	-0.240567	-0.26544	-0.289909	-0.302935	-0.303897	-0.290661	-0.264908	-0.233367	-0.206317	-0.184281	-0.144359	-0.0840691	-0.0324479	0	
0	-0.162046	-0.29069	-0.355955	-0.359261	-0.300035	-0.201229	-0.0799155	0.0466187	0.153203	0.236815	0.280658	0.294366	0.27686	0.230992	0.168763	0.0958493	0.0383815	0.00152702	-0.0161159	-0.0271974	-0.0376845	-0.0441046	-0.0364856	-0.0311874	-0.0324103	-0.046315	-0.0562008	-0.0502026	-0.0380179	-0.027458	-0.0219501	-0.0213066	-0.0188085	-0.0160691	-0.00937449	0.00710573	0.0117602	0.00227157	-0.00582028	0.000669564	0.00790899	0.0039648	-0.00384908	0.00896759	0.0374086	0.0675947	0.0974555	0.130034	0.15411	0.149515	0.0995758	-0.00979388	-0.170685	-0.367317	-0.57589	-0.763823	-0.880141	-0.893243	-0.794325	-0.593873	-0.298814	0.0502793	0.41722	0.764755	1.06379	1.28649	1.41271	1.45596	1.42022	1.33169	1.20749	1.06541	0.924824	0.789291	0.66768	0.551873	0.425908	0.293803	0.173788	0.0714959	-0.0192784	-0.103175	-0.171046	-0.217902	-0.24633	-0.254816	-0.258616	-0.263474	-0.262554	-0.25194	-0.224347	-0.187346	-0.149943	-0.122579	-0.109994	-0.0851591	-0.0413318	-0.00954318	0	
0	-0.140854	-0.253148	-0.31282	-0.31916	-0.269523	-0.185115	-0.0742793	0.0388495	0.137271	0.211689	0.248842	0.26393	0.249177	0.216232	0.162788	0.0984686	0.0441776	0.00599772	-0.0136897	-0.0285365	-0.0441046	-0.0513696	-0.0457035	-0.0372265	-0.0377763	-0.0561981	-0.0718033	-0.0724449	-0.0638863	-0.0526197	-0.0488206	-0.0496917	-0.048223	-0.0483359	-0.0391184	-0.0201308	-0.0130168	-0.0135236	-0.0126759	-0.00237353	0.0169788	0.0284773	0.0352089	0.0555573	0.0918214	0.128057	0.164168	0.195727	0.21281	0.199274	0.140125	0.0209644	-0.151825	-0.358415	-0.579198	-0.775012	-0.902574	-0.931547	-0.848289	-0.659077	-0.377913	-0.0379696	0.330006	0.679982	0.983242	1.20855	1.34167	1.38715	1.3549	1.27326	1.15046	1.00936	0.861087	0.720076	0.597587	0.478377	0.357342	0.234269	0.120132	0.0236588	-0.0580626	-0.134233	-0.19887	-0.238949	-0.252701	-0.241818	-0.224754	-0.212364	-0.199191	-0.175675	-0.13948	-0.102295	-0.0660598	-0.0437954	-0.0406528	-0.0275053	-0.00467735	0.00389509	0	
0	-0.118004	-0.21346	-0.266026	-0.274893	-0.236905	-0.165599	-0.0704701	0.0303199	0.117192	0.180275	0.211033	0.221347	0.211342	0.187161	0.145982	0.0922618	0.0454319	0.0101387	-0.00668533	-0.0224324	-0.0364856	-0.0457035	-0.0365862	-0.0265248	-0.0242987	-0.0434448	-0.0659565	-0.0722015	-0.0671967	-0.0579109	-0.0548364	-0.0582027	-0.0623765	-0.0644612	-0.0581417	-0.039904	-0.0298138	-0.0258023	-0.0269777	-0.0113686	0.0154466	0.0372336	0.0536662	0.0861446	0.130949	0.180511	0.227153	0.264213	0.281845	0.268347	0.206706	0.0792648	-0.100346	-0.317518	-0.548337	-0.753855	-0.891501	-0.939057	-0.873386	-0.700932	-0.441184	-0.120664	0.232268	0.570786	0.859838	1.0746	1.19991	1.24009	1.21079	1.13789	1.03169	0.905546	0.770641	0.644496	0.533528	0.426982	0.318008	0.208325	0.103669	0.0110332	-0.0613602	-0.129724	-0.190805	-0.2245	-0.227032	-0.200141	-0.16668	-0.14196	-0.12335	-0.0987516	-0.0619603	-0.0270451	0.000764525	0.0125105	0.00794586	0.00881606	0.0153534	0.0131371	0	
0	-0.0886975	-0.160732	-0.200617	-0.208317	-0.178024	-0.121269	-0.0407481	0.0442108	0.117609	0.167331	0.187325	0.190403	0.180784	0.162029	0.131688	0.0873758	0.0469988	0.0147285	-0.00166292	-0.0167593	-0.0311874	-0.0372265	-0.0265248	-0.0084769	0.000182629	-0.0168786	-0.0402729	-0.0524363	-0.0546244	-0.0451883	-0.0453727	-0.0525868	-0.0580732	-0.0658063	-0.0631353	-0.0470652	-0.0394484	-0.0346372	-0.0323488	-0.0166343	0.010533	0.0394295	0.0652557	0.106212	0.160779	0.223714	0.282166	0.332536	0.361612	0.357764	0.299081	0.174657	-0.0048083	-0.2258	-0.467987	-0.68204	-0.835303	-0.90566	-0.866895	-0.722873	-0.495178	-0.209065	0.115439	0.425921	0.690959	0.883104	0.992441	1.02445	0.996318	0.938802	0.855809	0.758326	0.652542	0.554089	0.469176	0.38613	0.301781	0.214248	0.12605	0.0466522	-0.0145945	-0.0735616	-0.133207	-0.1674	-0.163747	-0.135139	-0.0984371	-0.0662686	-0.0514384	-0.0346401	-0.00575285	0.0175191	0.0371253	0.0426537	0.0319404	0.0261438	0.023337	0.0147379	0	
0	-0.056871	-0.101604	-0.12637	-0.12766	-0.102997	-0.0569281	0.0107904	0.0807787	0.143213	0.178143	0.18761	0.180179	0.165468	0.148718	0.122375	0.0857332	0.0477875	0.0171538	-0.00149259	-0.0172317	-0.0324103	-0.0377763	-0.0242987	0.000182629	0.0156011	0.00662457	-0.0149435	-0.0303914	-0.0319715	-0.0243587	-0.0244719	-0.0311701	-0.0425669	-0.0575906	-0.0568443	-0.0488994	-0.041853	-0.0358631	-0.0343967	-0.0221188	0.00595919	0.0365041	0.071562	0.119688	0.177997	0.248788	0.324427	0.392372	0.434015	0.444453	0.402176	0.292811	0.125208	-0.0923381	-0.335314	-0.555727	-0.724118	-0.821319	-0.818972	-0.715074	-0.534954	-0.294184	-0.0161896	0.256084	0.488147	0.650745	0.740597	0.760142	0.734434	0.690471	0.633573	0.56949	0.500287	0.439237	0.387745	0.34186	0.294092	0.240298	0.18192	0.124971	0.0837699	0.0370121	-0.0220358	-0.0598736	-0.0638727	-0.0454347	-0.0183169	-0.000445294	0.000447064	0.00636421	0.0194716	0.0298447	0.0439668	0.0475634	0.038691	0.0292188	0.0189562	0.0108546	0	
0	-0.0238295	-0.0406826	-0.0477709	-0.0413659	-0.0211108	0.0156801	0.0685372	0.124856	0.173743	0.19525	0.193335	0.175049	0.154611	0.138227	0.115399	0.0861007	0.0499552	0.0190927	-0.00475339	-0.0262871	-0.046315	-0.0561981	-0.0434448	-0.0168786	0.00662457	0.00586946	-0.00932038	-0.0227648	-0.0236126	-0.0145771	-0.0100717	-0.0158409	-0.0287781	-0.045068	-0.0496493	-0.0483913	-0.0445031	-0.0431184	-0.0432354	-0.0321966	-0.00737295	0.0237798	0.0645554	0.114532	0.179956	0.261362	0.348391	0.427181	0.488404	0.521599	0.500179	0.412342	0.267666	0.068107	-0.165496	-0.386376	-0.567005	-0.691957	-0.731478	-0.682293	-0.560111	-0.37821	-0.158606	0.0691568	0.265366	0.40244	0.474113	0.486059	0.464142	0.430881	0.396068	0.359318	0.323155	0.29561	0.277699	0.273274	0.271815	0.263694	0.248839	0.232327	0.219408	0.189054	0.135428	0.0876673	0.0647618	0.0592275	0.0627095	0.0623421	0.0434073	0.0260692	0.0224789	0.0242073	0.0298461	0.0295041	0.0248223	0.0182788	0.00892249	0.00497579	0	
0	0.00555964	0.0110769	0.022136	0.0318107	0.0497818	0.0752224	0.112865	0.157	0.190562	0.202959	0.190306	0.163269	0.140306	0.122814	0.107966	0.0863121	0.0561614	0.0270653	-0.00115813	-0.0284022	-0.0562008	-0.0718033	-0.0659565	-0.0402729	-0.0149435	-0.00932038	-0.0201499	-0.0312688	-0.032615	-0.0195667	-0.00910227	-0.00717396	-0.0161664	-0.030514	-0.0375778	-0.0402329	-0.0409545	-0.0437051	-0.0454292	-0.0384664	-0.021362	0.00590911	0.0491966	0.105749	0.174321	0.257187	0.352972	0.450737	0.529076	0.578401	0.577365	0.518244	0.400551	0.22333	0.00587791	-0.209335	-0.397914	-0.546873	-0.62947	-0.640284	-0.579904	-0.463152	-0.304359	-0.123069	0.0428391	0.162036	0.222178	0.235088	0.217345	0.192898	0.172348	0.152519	0.141245	0.137609	0.148038	0.184457	0.231011	0.272659	0.308985	0.340034	0.360018	0.348733	0.300628	0.24488	0.203494	0.171271	0.147719	0.125275	0.0889752	0.0518855	0.0241315	0.00736653	0.00575443	0.00617311	0.00129253	-0.00682805	-0.0107478	-0.00447241	0	
0	0.0305611	0.0596379	0.0828962	0.100141	0.112913	0.127258	0.150771	0.177615	0.198417	0.198667	0.174922	0.141878	0.11215	0.097599	0.0891514	0.0793973	0.0593975	0.0385102	0.00997814	-0.0180107	-0.0502026	-0.0724449	-0.0722015	-0.0524363	-0.0303914	-0.0227648	-0.0312688	-0.0457746	-0.0460377	-0.0346166	-0.018709	-0.00924194	-0.0113598	-0.0216219	-0.0244176	-0.0266474	-0.0271526	-0.0328965	-0.0341354	-0.0325003	-0.0222951	-0.00238613	0.04053	0.0947887	0.166041	0.252223	0.359061	0.465343	0.55851	0.625541	0.647377	0.609635	0.513456	0.358233	0.157538	-0.0531974	-0.250333	-0.418121	-0.541877	-0.607938	-0.607816	-0.551182	-0.450069	-0.31126	-0.16861	-0.0618194	-0.003288	0.0148258	0.00568359	-0.00890854	-0.0194159	-0.0242201	-0.0178114	-0.00368444	0.0289209	0.0964305	0.182342	0.265555	0.346377	0.420034	0.470637	0.477874	0.440491	0.384497	0.326746	0.275681	0.236209	0.194044	0.140763	0.0870056	0.0399492	0.00668601	-0.00783733	-0.0141348	-0.0216692	-0.029027	-0.0269596	-0.0134336	0	
0	0.0575427	0.107453	0.149951	0.172915	0.185303	0.190301	0.196389	0.208433	0.209737	0.196994	0.159616	0.115684	0.0791275	0.0626298	0.0604758	0.0616344	0.0567302	0.0443537	0.023505	-0.00464338	-0.0380179	-0.0638863	-0.0671967	-0.0546244	-0.0319715	-0.0236126	-0.032615	-0.0460377	-0.054409	-0.0507168	-0.033766	-0.0221757	-0.0210936	-0.0211711	-0.020898	-0.0172717	-0.0149254	-0.0171909	-0.0160802	-0.0123461	-0.0074397	0.0081585	0.0451361	0.0998508	0.172109	0.258834	0.367603	0.485484	0.595979	0.678309	0.715472	0.694348	0.615363	0.47337	0.28115	0.0649614	-0.142297	-0.331304	-0.489127	-0.603701	-0.651708	-0.644768	-0.59003	-0.484322	-0.362086	-0.260264	-0.201684	-0.17403	-0.171792	-0.174251	-0.169649	-0.158879	-0.134455	-0.10635	-0.0591569	0.0259272	0.132959	0.242071	0.352597	0.459867	0.535458	0.558867	0.539493	0.490025	0.42392	0.362252	0.308287	0.257385	0.201301	0.13266	0.0695686	0.0272022	0.00342661	-0.00936875	-0.0225995	-0.0323343	-0.0277952	-0.0141271	0	
0	0.082075	0.153938	0.21423	0.246526	0.261765	0.258718	0.252774	0.248591	0.233123	0.207721	0.1557	0.101945	0.0553816	0.0329311	0.0331433	0.04004	0.0468966	0.0437794	0.0296193	0.00409594	-0.027458	-0.0526197	-0.0579109	-0.0451883	-0.0243587	-0.0145771	-0.0195667	-0.0346166	-0.0507168	-0.0515613	-0.0420703	-0.032628	-0.0273175	-0.0269407	-0.027094	-0.0164102	-0.0126008	-0.00996133	0.000406131	0.0130627	0.0220254	0.0364519	0.0694783	0.127188	0.202101	0.287305	0.398188	0.524665	0.644821	0.73686	0.786556	0.776944	0.701908	0.563202	0.366572	0.138318	-0.0884195	-0.298283	-0.484777	-0.632523	-0.71272	-0.738715	-0.7097	-0.628071	-0.518087	-0.422202	-0.362587	-0.328702	-0.31842	-0.305636	-0.285513	-0.253048	-0.210258	-0.168357	-0.110678	-0.0232073	0.087998	0.203453	0.327876	0.454434	0.547766	0.590974	0.590159	0.554775	0.494025	0.428494	0.369571	0.314138	0.253273	0.183139	0.115863	0.0637015	0.0385242	0.0273423	0.00496846	-0.00970099	-0.00290339	0.00292311	0	
0	0.104934	0.199982	0.277111	0.324045	0.343193	0.337241	0.320852	0.300232	0.269344	0.22665	0.160975	0.0930347	0.0346569	0.00328961	0.00180059	0.0125463	0.0307585	0.0370221	0.031349	0.00860714	-0.0219501	-0.0488206	-0.0548364	-0.0453727	-0.0244719	-0.0100717	-0.00910227	-0.018709	-0.033766	-0.0420703	-0.0381258	-0.0322242	-0.0303047	-0.0336955	-0.0336866	-0.0238933	-0.0209197	-0.0124064	0.00395291	0.0250227	0.0417909	0.0641258	0.103076	0.170315	0.248794	0.339394	0.453191	0.582131	0.706153	0.804353	0.859401	0.846781	0.76739	0.621966	0.413552	0.165867	-0.0825658	-0.312611	-0.520356	-0.686174	-0.786459	-0.828305	-0.810502	-0.740857	-0.638841	-0.545766	-0.48283	-0.444368	-0.424248	-0.39651	-0.357018	-0.303011	-0.244315	-0.191933	-0.134477	-0.0588598	0.0351777	0.141022	0.265639	0.398537	0.509548	0.575067	0.60051	0.589221	0.538558	0.478157	0.421356	0.364732	0.305296	0.237022	0.171546	0.121417	0.0956718	0.0803637	0.0524714	0.0311569	0.0272376	0.0186781	0	
0	0.125677	0.241315	0.336369	0.397731	0.424588	0.416954	0.394012	0.35668	0.313114	0.252396	0.17492	0.0945195	0.0234897	-0.0150615	-0.0229212	-0.0095115	0.0159717	0.030205	0.0313175	0.0108815	-0.0213066	-0.0496917	-0.0582027	-0.0525868	-0.0311701	-0.0158409	-0.00717396	-0.00924194	-0.0221757	-0.032628	-0.0322242	-0.0308377	-0.0263885	-0.0315118	-0.0318866	-0.0261245	-0.0262476	-0.0225035	-0.00506274	0.0232326	0.0565723	0.0891106	0.13566	0.214592	0.311198	0.41646	0.533843	0.666448	0.791996	0.887689	0.931266	0.904406	0.808533	0.642908	0.413276	0.144003	-0.122525	-0.37072	-0.589222	-0.760576	-0.870965	-0.916768	-0.899573	-0.830287	-0.72765	-0.62861	-0.552512	-0.504472	-0.471914	-0.430614	-0.378633	-0.312084	-0.24914	-0.196988	-0.147365	-0.0949047	-0.0275411	0.0604958	0.174397	0.306036	0.427982	0.513786	0.565252	0.580392	0.555037	0.511946	0.465903	0.421937	0.371716	0.309939	0.247552	0.193726	0.161168	0.131381	0.0885062	0.063287	0.0561802	0.0359674	0	
0	0.142332	0.273275	0.386516	0.460855	0.497963	0.493227	0.463226	0.41636	0.356072	0.281013	0.190465	0.0953649	0.0141793	-0.0361363	-0.0514995	-0.03661	-0.00699212	0.0175938	0.0287305	0.0110826	-0.0188085	-0.048223	-0.0623765	-0.0580732	-0.0425669	-0.0287781	-0.0161664	-0.0113598	-0.0210936	-0.0273175	-0.0303047	-0.0263885	-0.0206074	-0.0244305	-0.0260069	-0.0233401	-0.0272237	-0.0235213	-0.00884901	0.0238376	0.063307	0.101202	0.159005	0.256078	0.370553	0.492165	0.623204	0.76245	0.883968	0.970298	0.996476	0.94498	0.817126	0.622085	0.366297	0.0807452	-0.198511	-0.455968	-0.671531	-0.839574	-0.950777	-0.998168	-0.977251	-0.90311	-0.794896	-0.678164	-0.580183	-0.511871	-0.461194	-0.410215	-0.351539	-0.286901	-0.232604	-0.188647	-0.156061	-0.129155	-0.091349	-0.0291501	0.0668589	0.184649	0.30667	0.410035	0.482813	0.526712	0.540449	0.530607	0.511811	0.489215	0.450631	0.398548	0.337554	0.27309	0.224701	0.176405	0.118499	0.0806577	0.0660446	0.0447551	0	
0	0.153897	0.300745	0.425718	0.517251	0.563345	0.563381	0.531131	0.471775	0.399215	0.307134	0.203193	0.0950332	0.00236187	-0.0597125	-0.0815626	-0.0691615	-0.0356455	0.00225124	0.0197475	0.0127484	-0.0160691	-0.0483359	-0.0644612	-0.0658063	-0.0575906	-0.045068	-0.030514	-0.0216219	-0.0211711	-0.0269407	-0.0336955	-0.0315118	-0.0244305	-0.027231	-0.0209305	-0.0155161	-0.0153621	-0.0162305	-0.00473303	0.027741	0.0740186	0.120678	0.189711	0.292108	0.420288	0.561642	0.70618	0.847108	0.966246	1.04303	1.04603	0.961447	0.800184	0.571348	0.287564	-0.0121433	-0.298856	-0.555699	-0.763092	-0.919288	-1.02748	-1.07223	-1.04672	-0.965521	-0.84284	-0.70247	-0.572852	-0.474518	-0.40205	-0.340819	-0.283715	-0.233135	-0.196105	-0.171737	-0.161909	-0.160808	-0.155803	-0.12094	-0.0491502	0.0460951	0.164461	0.278204	0.368439	0.445044	0.499728	0.528622	0.545397	0.547373	0.524025	0.484335	0.42719	0.356972	0.290815	0.21861	0.146635	0.0982795	0.0726859	0.0475239	0	
0	0.162547	0.317768	0.457149	0.560518	0.619346	0.626111	0.592239	0.526237	0.43981	0.333996	0.216432	0.0971535	-0.0070506	-0.0767325	-0.108347	-0.0973134	-0.0606784	-0.0144406	0.0151639	0.0170573	-0.00937449	-0.0391184	-0.0581417	-0.0631353	-0.0568443	-0.0496493	-0.0375778	-0.0244176	-0.020898	-0.027094	-0.0336866	-0.0318866	-0.0260069	-0.0209305	-0.00956101	-0.00468615	-0.000693423	0.00263902	0.0167586	0.053614	0.108668	0.163922	0.236823	0.340278	0.477896	0.627554	0.774947	0.911995	1.02138	1.08049	1.05973	0.949231	0.758926	0.498578	0.192933	-0.11656	-0.406035	-0.662039	-0.858547	-1.00363	-1.10185	-1.13892	-1.10658	-1.01129	-0.870381	-0.702823	-0.542716	-0.412654	-0.317	-0.246491	-0.192988	-0.159246	-0.1424	-0.142841	-0.159564	-0.187316	-0.213129	-0.208273	-0.165845	-0.0888476	0.0218296	0.139219	0.24474	0.343045	0.433279	0.502874	0.549067	0.574999	0.574598	0.549628	0.500799	0.434118	0.3571	0.266826	0.186606	0.134236	0.0974591	0.0581471	0	
0	0.16877	0.331914	0.483914	0.601077	0.674384	0.691467	0.659783	0.591018	0.491406	0.374345	0.240179	0.109288	-0.00789025	-0.0893845	-0.131289	-0.126164	-0.0899557	-0.0338611	0.00833178	0.0233079	0.00710573	-0.0201308	-0.039904	-0.0470652	-0.0488994	-0.0483913	-0.0402329	-0.0266474	-0.0172717	-0.0164102	-0.0238933	-0.0261245	-0.0233401	-0.0155161	-0.00468615	0.00946514	0.0248474	0.0330293	0.0519734	0.0974199	0.160688	0.225209	0.308361	0.41489	0.551731	0.693987	0.833669	0.953527	1.04089	1.07652	1.03333	0.902373	0.692662	0.418159	0.104067	-0.208529	-0.49964	-0.752893	-0.944246	-1.08312	-1.16848	-1.19386	-1.15026	-1.03918	-0.877913	-0.690995	-0.510406	-0.35634	-0.241936	-0.159242	-0.104458	-0.0772225	-0.0719616	-0.0928743	-0.136966	-0.194279	-0.250898	-0.282569	-0.270384	-0.211087	-0.109249	0.0107863	0.123653	0.236163	0.350138	0.445077	0.515444	0.560699	0.577373	0.574316	0.54945	0.49852	0.427373	0.340479	0.254001	0.182105	0.127683	0.0750262	0	
0	0.175776	0.348814	0.513735	0.648235	0.736861	0.769019	0.740629	0.672349	0.559094	0.429406	0.276694	0.129586	-0.0010387	-0.099219	-0.150094	-0.157825	-0.12139	-0.0631591	-0.00821708	0.0175548	0.0117602	-0.0130168	-0.0298138	-0.0394484	-0.041853	-0.0445031	-0.0409545	-0.0271526	-0.0149254	-0.0126008	-0.0209197	-0.0262476	-0.0272237	-0.0153621	-0.000693423	0.0248474	0.0430539	0.0619592	0.0904158	0.14544	0.214418	0.300943	0.393979	0.499398	0.624505	0.755331	0.878674	0.971009	1.02853	1.03241	0.967748	0.823253	0.610539	0.338131	0.0292885	-0.276192	-0.562024	-0.808424	-1.0003	-1.1382	-1.21072	-1.22585	-1.17267	-1.04999	-0.874778	-0.678526	-0.491221	-0.322607	-0.193561	-0.0972529	-0.0327536	-0.0019663	0.0022012	-0.0322162	-0.10044	-0.182303	-0.266441	-0.331226	-0.345647	-0.299236	-0.204541	-0.0917279	0.0185851	0.130071	0.243947	0.348356	0.431233	0.493699	0.538725	0.566765	0.576	0.553484	0.494774	0.414763	0.329858	0.247353	0.169224	0.0895591	0	
0	0.176843	0.355784	0.528626	0.677989	0.783645	0.828624	0.814421	0.744378	0.631037	0.487918	0.323404	0.161915	0.0170181	-0.0967478	-0.160325	-0.186144	-0.155559	-0.102005	-0.0400262	-0.00158313	0.00227157	-0.0135236	-0.0258023	-0.0346372	-0.0358631	-0.0431184	-0.0437051	-0.0328965	-0.0171909	-0.00996133	-0.0124064	-0.0225035	-0.0235213	-0.0162305	0.00263902	0.0330293	0.0619592	0.0922577	0.133472	0.196298	0.280224	0.378763	0.471566	0.576519	0.689194	0.801115	0.893879	0.957415	0.979095	0.953105	0.869722	0.718222	0.50901	0.246251	-0.0437077	-0.335063	-0.60454	-0.833971	-1.01968	-1.14755	-1.20826	-1.21293	-1.15703	-1.03507	-0.856685	-0.667683	-0.483031	-0.311905	-0.17709	-0.0684802	0.00253566	0.0430684	0.0539044	0.0164102	-0.0566288	-0.14732	-0.24494	-0.332621	-0.373639	-0.344768	-0.26782	-0.17594	-0.0795226	0.0198529	0.12412	0.230322	0.322287	0.398696	0.464566	0.523173	0.568112	0.576916	0.547876	0.486373	0.400126	0.311988	0.218496	0.109837	0	
0	0.174278	0.352432	0.532261	0.69111	0.813253	0.87187	0.871647	0.804988	0.693195	0.539503	0.365502	0.191233	0.0309903	-0.089633	-0.172071	-0.204144	-0.185479	-0.135174	-0.0657929	-0.0196729	-0.00582028	-0.0126759	-0.0269777	-0.0323488	-0.0343967	-0.0432354	-0.0454292	-0.0341354	-0.0160802	0.000406131	0.00395291	-0.00506274	-0.00884901	-0.00473303	0.0167586	0.0519734	0.0904158	0.133472	0.187338	0.25713	0.348009	0.445703	0.543506	0.643651	0.732988	0.810234	0.871864	0.905801	0.89717	0.849898	0.752651	0.599331	0.395465	0.150621	-0.120586	-0.395719	-0.639122	-0.840891	-1.00198	-1.1108	-1.15603	-1.15331	-1.10681	-0.998765	-0.839139	-0.666751	-0.490546	-0.325193	-0.183105	-0.0678872	0.0106025	0.0640841	0.0815147	0.0560163	-0.00649976	-0.0918263	-0.188824	-0.295733	-0.36374	-0.360584	-0.314594	-0.248677	-0.167814	-0.0816171	0.0109301	0.110516	0.20526	0.292265	0.370124	0.447593	0.52076	0.561549	0.568068	0.536965	0.461134	0.363012	0.252718	0.128267	0	
0	0.169977	0.347719	0.530253	0.699909	0.833931	0.909345	0.920695	0.863658	0.753238	0.595108	0.413804	0.227082	0.058691	-0.0732116	-0.166004	-0.205911	-0.201171	-0.150707	-0.0819967	-0.0267771	0.000669564	-0.00237353	-0.0113686	-0.0166343	-0.0221188	-0.0321966	-0.0384664	-0.0325003	-0.0123461	0.0130627	0.0250227	0.0232326	0.0238376	0.027741	0.053614	0.0974199	0.14544	0.196298	0.25713	0.332176	0.425396	0.520061	0.613338	0.694311	0.753877	0.797389	0.828082	0.834811	0.805706	0.743386	0.639655	0.489683	0.295258	0.0632528	-0.195993	-0.453648	-0.669583	-0.839205	-0.966451	-1.04694	-1.07431	-1.06778	-1.03303	-0.950299	-0.822801	-0.673106	-0.513874	-0.357397	-0.213477	-0.094343	-0.00339959	0.0619567	0.0939748	0.0910711	0.0508134	-0.0126572	-0.105186	-0.224557	-0.317024	-0.355787	-0.34906	-0.312989	-0.255965	-0.179479	-0.0918248	0.000755214	0.0964734	0.188655	0.270833	0.358284	0.445762	0.507823	0.54508	0.543242	0.485833	0.38929	0.271012	0.139554	0	
0	0.16831	0.344814	0.534252	0.712088	0.86124	0.953404	0.977804	0.934841	0.825167	0.667716	0.475333	0.277235	0.095992	-0.0499893	-0.152696	-0.206305	-0.210624	-0.166856	-0.0973781	-0.031349	0.00790899	0.0169788	0.0154466	0.010533	0.00595919	-0.00737295	-0.021362	-0.0222951	-0.0074397	0.0220254	0.0417909	0.0565723	0.063307	0.0740186	0.108668	0.160688	0.214418	0.280224	0.348009	0.425396	0.509283	0.587373	0.657683	0.714372	0.748732	0.762101	0.763406	0.748428	0.709622	0.645499	0.545956	0.402431	0.215016	-0.00392966	-0.248022	-0.483084	-0.675301	-0.816267	-0.907396	-0.961752	-0.976377	-0.970752	-0.945542	-0.891956	-0.803349	-0.685556	-0.556061	-0.418771	-0.283085	-0.157434	-0.0460812	0.042876	0.103155	0.129772	0.121817	0.0817138	-0.00611654	-0.12858	-0.244151	-0.326566	-0.36313	-0.3623	-0.329583	-0.269922	-0.193761	-0.10269	-0.00143065	0.0932035	0.174171	0.260688	0.348876	0.42508	0.486757	0.502265	0.459981	0.379014	0.269176	0.140639	0	
0	0.16572	0.344034	0.535842	0.724673	0.886479	0.995363	1.03705	1.00755	0.906799	0.751057	0.552234	0.342774	0.147854	-0.0155194	-0.130088	-0.202075	-0.218721	-0.186609	-0.121204	-0.0474185	0.0039648	0.0284773	0.0372336	0.0394295	0.0365041	0.0237798	0.00590911	-0.00238613	0.0081585	0.0364519	0.0641258	0.0891106	0.101202	0.120678	0.163922	0.225209	0.300943	0.378763	0.445703	0.520061	0.587373	0.636031	0.675325	0.70526	0.709861	0.693744	0.671247	0.649883	0.617437	0.562572	0.468892	0.331891	0.159619	-0.0419726	-0.265721	-0.474906	-0.645376	-0.759648	-0.825757	-0.862279	-0.875338	-0.870977	-0.851093	-0.823646	-0.76879	-0.691964	-0.601796	-0.497582	-0.381986	-0.250557	-0.116224	0.00659376	0.103244	0.162582	0.186926	0.167861	0.0892462	-0.026773	-0.151745	-0.265815	-0.341701	-0.376272	-0.374312	-0.339674	-0.280623	-0.199852	-0.100387	-0.00173047	0.0790218	0.153401	0.228591	0.311196	0.392575	0.428414	0.4045	0.334144	0.237228	0.128778	0	
