0	0	0	0	0	0	0	0	0	0	0	0	0	0	0	0	0	0	0	0	0	0	0	0	0	0	0	0	0	0	0	0	0	0	0	0	0	0	0	0	0	0	0	0	0	0	0	0	0	0	0	0	0	0	0	0	0	0	0	0	0	0	0	0	0	0	0	0	0	0	0	0	0	0	0	0	0	0	0	0	0	0	0	0	0	0	0	0	0	0	0	0	0	0	0	0	0	0	0	0	
0	-0.00932382	-0.0156276	-0.00275544	0.00791639	0.000366678	-0.0368233	-0.0877385	-0.129134	-0.153015	-0.127788	-0.0813061	-0.018929	0.070103	0.154318	0.2201	0.263186	0.299119	0.305957	0.280597	0.2243	0.165172	0.104609	0.0328962	-0.049971	-0.126155	-0.177079	-0.185349	-0.165783	-0.124515	-0.0854403	-0.0511891	-0.0281345	-0.0143908	-0.00500848	-0.00140264	0.00270089	0.00477432	0.00721775	0.0097759	0.012667	0.01343	0.0169003	0.0151713	0.01403	0.0118008	0.00459512	0.000401098	-0.00459824	-0.00289686	-0.00304102	0.0103111	0.0199761	0.0255542	0.0251121	0.00452076	-0.00555285	-0.00671347	0.00966466	0.0431995	0.0432276	0.0202111	0.00332554	-0.0109115	0.00159427	0.0463161	0.0921551	0.131468	0.155485	0.141229	0.0967629	0.040823	-0.0312419	-0.114929	-0.184987	-0.233335	-0.270647	-0.292256	-0.280607	-0.236421	-0.179809	-0.122687	-0.0585421	0.0191726	0.0999325	0.161303	0.186597	0.17549	0.14095	0.0993226	0.0624922	0.0355522	0.0184646	0.00882158	0.00390108	0.00160501	0.00061665	0.000220535	6.82448e-05	0	
0	-0.0156276	-0.0143669	0.00991935	0.0185558	-0.028529	-0.113173	-0.192696	-0.256054	-0.270613	-0.216235	-0.126426	-0.00298454	0.147702	0.300457	0.419401	0.504803	0.566285	0.582133	0.532208	0.432102	0.321481	0.200973	0.063166	-0.0947835	-0.23975	-0.331396	-0.351355	-0.308908	-0.23416	-0.154852	-0.0900174	-0.0443493	-0.0167995	-0.00167307	0.00621265	0.00873157	0.0111433	0.0102607	0.0112446	0.0103555	0.0104489	0.00999738	0.0106045	0.0098847	0.0122358	0.0113153	0.0152475	0.0140231	0.0166932	0.0181679	0.0184378	0.0208493	0.0197596	0.024187	0.0209937	0.0131991	0.0153358	0.0304995	0.0535892	0.0610457	0.0450008	0.0141652	-0.00654556	0.0247402	0.101721	0.183105	0.253732	0.291199	0.263397	0.181755	0.0707483	-0.0712547	-0.229929	-0.365118	-0.462973	-0.535606	-0.573022	-0.548505	-0.464902	-0.35531	-0.239935	-0.109954	0.042867	0.198074	0.31515	0.363913	0.343589	0.277956	0.197692	0.125716	0.0723524	0.0380378	0.0184033	0.00824376	0.00343622	0.00133759	0.000484511	0.000151567	0	
0	-0.00275544	0.00991935	0.0141288	-0.0134204	-0.091582	-0.193577	-0.284994	-0.351714	-0.351887	-0.281698	-0.149372	0.0281002	0.232667	0.442915	0.612186	0.741853	0.821984	0.839134	0.765916	0.633812	0.469109	0.288171	0.0812174	-0.143186	-0.345832	-0.471477	-0.503176	-0.443492	-0.341928	-0.227024	-0.13364	-0.0656635	-0.0230513	-0.00104704	0.0122197	0.0151267	0.0178527	0.0162245	0.0154349	0.0127077	0.0121919	0.0088143	0.0103838	0.0100244	0.0132244	0.0184705	0.0237484	0.0313793	0.0329519	0.0363492	0.0299886	0.0249915	0.0166666	0.0159052	0.0330053	0.0428438	0.049876	0.0549929	0.0567395	0.060646	0.0505516	0.0324039	0.0383145	0.0841093	0.167164	0.269373	0.357042	0.392271	0.352262	0.242314	0.0786274	-0.126097	-0.344603	-0.537106	-0.684777	-0.787764	-0.831583	-0.793045	-0.678025	-0.521166	-0.345892	-0.148242	0.0740367	0.292003	0.454626	0.523706	0.497719	0.40741	0.294129	0.190235	0.11149	0.0597307	0.0294612	0.0134564	0.00571923	0.00226966	0.00083755	0.000266126	0	
0	0.00791639	0.0185558	-0.0134204	-0.0794767	-0.159835	-0.259081	-0.357084	-0.41306	-0.405371	-0.322619	-0.151877	0.0768024	0.336119	0.590528	0.812505	0.979448	1.06973	1.07187	0.980698	0.815812	0.596715	0.350217	0.0738646	-0.206793	-0.451121	-0.605972	-0.64476	-0.580824	-0.455714	-0.316189	-0.194542	-0.105863	-0.0479774	-0.0151555	0.00223163	0.0113693	0.0143685	0.0178671	0.0179915	0.0203812	0.0214285	0.0235798	0.025502	0.0285172	0.0292817	0.0342342	0.0321014	0.0365421	0.0363284	0.0338548	0.0319898	0.0305288	0.0298423	0.0299513	0.047598	0.0721359	0.082457	0.0690986	0.0506845	0.0494709	0.0564132	0.077461	0.118612	0.169138	0.246187	0.349716	0.429431	0.449404	0.399198	0.265817	0.0555349	-0.19765	-0.458919	-0.699844	-0.893294	-1.01808	-1.05906	-1.00691	-0.868963	-0.670443	-0.434426	-0.169627	0.112937	0.378348	0.5739	0.659621	0.632778	0.526317	0.387612	0.256311	0.153763	0.0843702	0.042626	0.0199401	0.00867713	0.00352384	0.00132918	0.000430068	0	
0	0.000366678	-0.028529	-0.091582	-0.159835	-0.225246	-0.305693	-0.3895	-0.432184	-0.414314	-0.318492	-0.122097	0.148161	0.442702	0.732205	0.999058	1.19221	1.28381	1.27163	1.16868	0.97434	0.709307	0.395495	0.0616626	-0.261769	-0.531601	-0.70576	-0.753322	-0.692183	-0.554101	-0.396921	-0.251727	-0.142663	-0.0694763	-0.0246121	-0.00161336	0.0129854	0.0184062	0.0246785	0.0272753	0.0323091	0.0353739	0.0400126	0.0424745	0.0454013	0.0442162	0.0434931	0.0391204	0.0320414	0.0300962	0.0288486	0.0319249	0.0437047	0.0610398	0.0682484	0.0712625	0.0799759	0.086143	0.0741682	0.0500289	0.0509997	0.0901014	0.149719	0.211558	0.269492	0.338874	0.415243	0.462132	0.461063	0.397888	0.241788	-0.00157502	-0.284395	-0.57442	-0.853164	-1.08095	-1.21671	-1.24951	-1.18598	-1.03106	-0.794914	-0.500038	-0.17341	0.156766	0.452965	0.668711	0.767738	0.74552	0.632461	0.477078	0.32382	0.199586	0.112534	0.0584076	0.028054	0.0125263	0.0052152	0.00201367	0.000664105	0	
0	-0.0368233	-0.113173	-0.193577	-0.259081	-0.305693	-0.340955	-0.383296	-0.395348	-0.352528	-0.241069	-0.0349858	0.241357	0.545726	0.854917	1.14334	1.34921	1.44051	1.42617	1.31566	1.1042	0.798729	0.431851	0.0554058	-0.292452	-0.574196	-0.756877	-0.817711	-0.762842	-0.625387	-0.45537	-0.292975	-0.16455	-0.0748061	-0.0192143	0.0121512	0.0289619	0.0369483	0.0410026	0.0432062	0.0430973	0.0443401	0.0428169	0.0418709	0.0415207	0.0386371	0.0370288	0.0385418	0.036476	0.0384847	0.0474258	0.0544406	0.0649451	0.0880856	0.0981039	0.0874293	0.072424	0.0663349	0.0740938	0.0799848	0.0969417	0.150664	0.228659	0.310225	0.379191	0.424939	0.451418	0.457707	0.429911	0.34215	0.166463	-0.0891989	-0.384563	-0.69348	-0.994927	-1.23865	-1.37562	-1.40031	-1.32782	-1.15742	-0.88645	-0.539376	-0.162333	0.2002	0.511579	0.736738	0.846703	0.834628	0.724459	0.56145	0.392249	0.248962	0.144516	0.0771675	0.0380993	0.0174695	0.00746081	0.00294981	0.000991646	0	
0	-0.0877385	-0.192696	-0.284994	-0.357084	-0.3895	-0.383296	-0.35958	-0.307122	-0.225231	-0.0925223	0.106145	0.366873	0.66642	0.975315	1.26101	1.45898	1.54978	1.53048	1.41123	1.17904	0.840191	0.436169	0.0348684	-0.32222	-0.602506	-0.7899	-0.862198	-0.82208	-0.69211	-0.518353	-0.343632	-0.198021	-0.0937777	-0.0254961	0.0119277	0.0332308	0.0419137	0.0448495	0.0463076	0.043082	0.0413848	0.0393488	0.0341247	0.0354613	0.035159	0.0368315	0.0469026	0.0570433	0.0675224	0.0821423	0.0939158	0.0871891	0.0844084	0.0910271	0.0857203	0.0735355	0.0713692	0.0936518	0.130125	0.173457	0.237246	0.320289	0.407943	0.469099	0.478424	0.456495	0.42178	0.353824	0.231711	0.0470173	-0.201865	-0.498644	-0.815675	-1.11886	-1.35842	-1.49104	-1.51093	-1.4296	-1.24132	-0.93927	-0.552674	-0.142164	0.236676	0.550668	0.777732	0.89749	0.900492	0.801713	0.63968	0.460738	0.301495	0.180313	0.0991009	0.0503043	0.023687	0.0103755	0.00419929	0.00143839	0	
0	-0.129134	-0.256054	-0.351714	-0.41306	-0.432184	-0.395348	-0.307122	-0.19952	-0.079483	0.0777447	0.274598	0.525797	0.815522	1.11565	1.37062	1.54846	1.63168	1.59874	1.45895	1.20012	0.83548	0.411523	0.00153706	-0.35382	-0.627089	-0.816983	-0.902558	-0.881798	-0.767681	-0.595908	-0.415735	-0.253835	-0.136702	-0.0550263	-0.00903301	0.0161616	0.0302493	0.0338465	0.0384561	0.0405112	0.0403502	0.0466182	0.0479675	0.0516328	0.0617833	0.0637452	0.0722462	0.0835047	0.0874551	0.0909955	0.103331	0.101636	0.0830287	0.0777808	0.0840007	0.0891755	0.102387	0.1447	0.207986	0.271868	0.341631	0.415964	0.480662	0.513936	0.493773	0.432715	0.348235	0.230704	0.0794628	-0.103109	-0.337349	-0.626546	-0.934057	-1.21625	-1.43689	-1.5636	-1.58058	-1.48707	-1.27787	-0.952228	-0.544348	-0.120453	0.26002	0.568257	0.793362	0.922861	0.944815	0.864286	0.710818	0.528195	0.35646	0.219648	0.12423	0.0648111	0.0313257	0.0140657	0.00582409	0.00203138	0	
0	-0.153015	-0.270613	-0.351887	-0.405371	-0.414314	-0.352528	-0.225231	-0.079483	0.0816895	0.26508	0.461407	0.695198	0.967461	1.23264	1.44321	1.60754	1.67878	1.63333	1.47066	1.19309	0.816489	0.398861	-0.00992346	-0.350933	-0.621483	-0.810696	-0.914892	-0.915748	-0.823825	-0.661302	-0.477458	-0.305556	-0.17011	-0.0787166	-0.0177678	0.0113539	0.0316247	0.0396826	0.0439587	0.0518224	0.0536879	0.0607387	0.0711603	0.0740872	0.0870398	0.0956466	0.0959304	0.103081	0.104552	0.0909365	0.08675	0.0912941	0.0869018	0.0849385	0.10041	0.132734	0.169391	0.225638	0.30845	0.383889	0.441409	0.485632	0.511944	0.514652	0.470552	0.368662	0.229855	0.0717508	-0.0955386	-0.274819	-0.494159	-0.761046	-1.03637	-1.28114	-1.47634	-1.59534	-1.60622	-1.49579	-1.26651	-0.930051	-0.522242	-0.104747	0.265903	0.564349	0.786792	0.926681	0.97013	0.912763	0.774082	0.593416	0.412893	0.262012	0.152409	0.0816665	0.040489	0.0186228	0.0078827	0.00279758	0	
0	-0.127788	-0.216235	-0.281698	-0.322619	-0.318492	-0.241069	-0.0925223	0.0777447	0.26508	0.4548	0.638367	0.849551	1.0834	1.29717	1.48127	1.6324	1.6888	1.63301	1.45308	1.16578	0.804108	0.405687	0.014707	-0.311594	-0.580326	-0.77236	-0.895523	-0.92316	-0.854199	-0.710253	-0.523505	-0.346966	-0.192999	-0.0891853	-0.0153417	0.0250352	0.0485581	0.0648707	0.0704169	0.0788407	0.0852141	0.0859207	0.0959435	0.0965343	0.0983049	0.104852	0.102829	0.0963597	0.101451	0.0944695	0.0823727	0.0878228	0.0982818	0.118395	0.153267	0.209071	0.27354	0.336039	0.409695	0.473969	0.508725	0.519235	0.506854	0.472129	0.394337	0.253669	0.0767903	-0.10407	-0.282689	-0.463618	-0.662648	-0.886821	-1.11212	-1.31385	-1.48139	-1.58606	-1.58332	-1.45431	-1.2129	-0.882708	-0.495689	-0.100836	0.252689	0.540859	0.76208	0.913246	0.979356	0.948105	0.828919	0.65522	0.469704	0.306714	0.18334	0.100817	0.0512275	0.0241151	0.0104259	0.00376207	0	
0	-0.0813061	-0.126426	-0.149372	-0.151877	-0.122097	-0.0349858	0.106145	0.274598	0.461407	0.638367	0.807554	0.979982	1.15593	1.32467	1.48484	1.60629	1.64314	1.57676	1.38572	1.11281	0.785042	0.418942	0.0619152	-0.253999	-0.516359	-0.714845	-0.855554	-0.908003	-0.866595	-0.740785	-0.560317	-0.377665	-0.21276	-0.093864	-0.0108461	0.0394075	0.067548	0.0848501	0.0960081	0.0986822	0.10942	0.105848	0.110328	0.109788	0.102729	0.0987669	0.0958065	0.085293	0.0825961	0.0928231	0.0967034	0.11792	0.151036	0.192911	0.24973	0.316654	0.383608	0.436312	0.487893	0.530339	0.538127	0.51279	0.457454	0.375818	0.261491	0.0987954	-0.0939464	-0.288621	-0.47916	-0.657828	-0.822779	-0.989041	-1.15875	-1.31839	-1.45357	-1.53254	-1.50953	-1.36743	-1.12877	-0.822953	-0.473121	-0.111607	0.221496	0.501141	0.723564	0.886733	0.975448	0.971526	0.875055	0.712563	0.525774	0.352947	0.216594	0.122111	0.0635326	0.0305819	0.0134925	0.004946	0	
0	-0.018929	-0.00298454	0.0281002	0.0768024	0.148161	0.241357	0.366873	0.525797	0.695198	0.849551	0.979982	1.08752	1.19555	1.31362	1.43315	1.5092	1.52657	1.44891	1.27162	1.03627	0.755358	0.438647	0.120349	-0.184166	-0.436271	-0.645576	-0.797716	-0.875348	-0.86155	-0.75424	-0.58781	-0.398281	-0.230294	-0.0946969	-0.00730871	0.0516454	0.0807686	0.0958558	0.105115	0.10278	0.104857	0.102424	0.0952229	0.0969187	0.0897469	0.0869342	0.0879994	0.092798	0.0986694	0.122277	0.151497	0.192347	0.246022	0.29969	0.356891	0.419133	0.479308	0.514111	0.532506	0.543823	0.521066	0.454649	0.351826	0.227414	0.0901183	-0.0777808	-0.276926	-0.482156	-0.674895	-0.834964	-0.954803	-1.06212	-1.17945	-1.29582	-1.38928	-1.43215	-1.38904	-1.24711	-1.02938	-0.763046	-0.460186	-0.136838	0.175564	0.449288	0.675349	0.850853	0.961172	0.984395	0.912506	0.764616	0.580051	0.399852	0.251645	0.145306	0.0773339	0.0380277	0.0171048	0.00636462	0	
0	0.070103	0.147702	0.232667	0.336119	0.442702	0.545726	0.66642	0.815522	0.967461	1.0834	1.15593	1.19555	1.2335	1.29349	1.34849	1.37321	1.36195	1.28091	1.1352	0.943881	0.714582	0.449836	0.16284	-0.126747	-0.37598	-0.594833	-0.757624	-0.859977	-0.871056	-0.786057	-0.6345	-0.443643	-0.272207	-0.124392	-0.0290033	0.0360701	0.0691596	0.0851732	0.0913277	0.0924914	0.0871478	0.0886262	0.0820784	0.0842481	0.0881194	0.0964815	0.112034	0.135822	0.163995	0.203042	0.243998	0.292906	0.35438	0.410652	0.459424	0.501264	0.539854	0.555078	0.538033	0.503087	0.438789	0.336302	0.20114	0.0489957	-0.103159	-0.272489	-0.471865	-0.673726	-0.847933	-0.974744	-1.05083	-1.10788	-1.17479	-1.24091	-1.28381	-1.28836	-1.23444	-1.11014	-0.929702	-0.711981	-0.458992	-0.173845	0.119286	0.389462	0.620984	0.808688	0.938984	0.988159	0.941572	0.810817	0.631615	0.446575	0.287903	0.170084	0.0924999	0.0464191	0.0212658	0.00802536	0	
0	0.154318	0.300457	0.442915	0.590528	0.732205	0.854917	0.975315	1.11565	1.23264	1.29717	1.32467	1.31362	1.29349	1.2817	1.26635	1.23724	1.19556	1.12402	1.01134	0.863977	0.680029	0.458442	0.194171	-0.0805274	-0.336813	-0.559725	-0.738954	-0.860263	-0.896146	-0.836077	-0.696427	-0.513534	-0.332072	-0.179504	-0.0691852	0.00169523	0.0428598	0.064909	0.0753875	0.0827228	0.087006	0.0943843	0.1019	0.115783	0.130513	0.152659	0.181198	0.216634	0.25521	0.308191	0.360458	0.402791	0.454499	0.502165	0.53602	0.55436	0.559615	0.537191	0.477444	0.39976	0.301196	0.173773	0.0214836	-0.147378	-0.313441	-0.481482	-0.664797	-0.840107	-0.979462	-1.07123	-1.11259	-1.12569	-1.13808	-1.14653	-1.13844	-1.11373	-1.06435	-0.973696	-0.840986	-0.67422	-0.468534	-0.218597	0.0572279	0.325396	0.563332	0.762686	0.911	0.984283	0.962794	0.85088	0.679724	0.492316	0.324748	0.196064	0.108843	0.0556841	0.0259567	0.00992645	0	
0	0.2201	0.419401	0.612186	0.812505	0.999058	1.14334	1.26101	1.37062	1.44321	1.48127	1.48484	1.43315	1.34849	1.26635	1.18823	1.11343	1.06385	1.01095	0.938447	0.832917	0.689725	0.498809	0.257743	-0.0133141	-0.272811	-0.507702	-0.700173	-0.841634	-0.901384	-0.864611	-0.741611	-0.562758	-0.378407	-0.212856	-0.0923543	-0.007641	0.0428271	0.073314	0.0929546	0.107923	0.119678	0.14047	0.155518	0.183259	0.213762	0.245225	0.284286	0.329372	0.368058	0.411815	0.465511	0.505308	0.538732	0.562289	0.566492	0.546007	0.509683	0.453076	0.358517	0.246403	0.12549	-0.016552	-0.181006	-0.36103	-0.531596	-0.683081	-0.830209	-0.964385	-1.06664	-1.12845	-1.13932	-1.10705	-1.06028	-1.01212	-0.964527	-0.927645	-0.898167	-0.851035	-0.769062	-0.650039	-0.485872	-0.266851	-0.00657716	0.260133	0.504593	0.714732	0.87901	0.974201	0.976912	0.884781	0.723836	0.536364	0.361563	0.222825	0.126128	0.065713	0.0311361	0.0120559	0	
0	0.263186	0.504803	0.741853	0.979448	1.19221	1.34921	1.45898	1.54846	1.60754	1.6324	1.60629	1.5092	1.37321	1.23724	1.11343	1.0277	0.986184	0.961709	0.930355	0.862182	0.747495	0.584387	0.355112	0.0903993	-0.177966	-0.422912	-0.630228	-0.789147	-0.871881	-0.857193	-0.751035	-0.578778	-0.389341	-0.215303	-0.0779039	0.0172309	0.0825675	0.123892	0.151462	0.179597	0.197494	0.226076	0.25292	0.281306	0.319179	0.357654	0.396107	0.442354	0.485696	0.517322	0.548506	0.563151	0.567978	0.559298	0.528031	0.472367	0.398187	0.311299	0.195437	0.0605957	-0.0796156	-0.232991	-0.400652	-0.576013	-0.73194	-0.850905	-0.953013	-1.04587	-1.11482	-1.14647	-1.1222	-1.04164	-0.939895	-0.848666	-0.781456	-0.750425	-0.750853	-0.749275	-0.714706	-0.636944	-0.507433	-0.314971	-0.0690023	0.19597	0.446401	0.666267	0.844509	0.959279	0.984796	0.912721	0.763611	0.578125	0.397761	0.249927	0.144082	0.0763629	0.0367401	0.0143914	0	
0	0.299119	0.566285	0.821984	1.06973	1.28381	1.44051	1.54978	1.63168	1.67878	1.6888	1.64314	1.52657	1.36195	1.19556	1.06385	0.986184	0.961588	0.968961	0.973915	0.933435	0.846663	0.702227	0.486747	0.228228	-0.0473988	-0.300292	-0.520754	-0.69596	-0.796873	-0.806841	-0.713501	-0.553631	-0.358139	-0.17823	-0.0270064	0.0812444	0.156138	0.209612	0.245022	0.279516	0.308784	0.339644	0.374418	0.40711	0.442929	0.476523	0.508358	0.534349	0.557368	0.56876	0.576404	0.562542	0.528926	0.485939	0.424649	0.339107	0.237841	0.130578	-0.00211451	-0.155613	-0.30873	-0.462268	-0.615168	-0.764122	-0.889858	-0.973403	-1.03479	-1.08946	-1.12258	-1.11635	-1.05173	-0.928533	-0.788487	-0.67621	-0.60991	-0.59743	-0.630246	-0.669653	-0.675324	-0.631321	-0.530014	-0.360322	-0.127892	0.134534	0.389954	0.618398	0.808746	0.940787	0.987394	0.935088	0.798899	0.617134	0.432807	0.276926	0.162405	0.0874624	0.0426845	0.0169001	0	
0	0.305957	0.582133	0.839134	1.07187	1.27163	1.42617	1.53048	1.59874	1.63333	1.63301	1.57676	1.44891	1.28091	1.12402	1.01095	0.961709	0.968961	1.01339	1.0516	1.04284	0.980768	0.85456	0.655999	0.402704	0.124923	-0.135518	-0.367477	-0.555072	-0.674904	-0.703794	-0.628034	-0.476531	-0.281624	-0.0943213	0.0672866	0.185327	0.270752	0.327947	0.37018	0.403435	0.433244	0.460173	0.48938	0.512343	0.538858	0.557964	0.57065	0.578831	0.5752	0.553328	0.527954	0.487303	0.427334	0.354826	0.269127	0.16456	0.0387387	-0.0903986	-0.23241	-0.389644	-0.538132	-0.673138	-0.795552	-0.907996	-1.00074	-1.05322	-1.07769	-1.09071	-1.07979	-1.03009	-0.929751	-0.781406	-0.627374	-0.516155	-0.465199	-0.476044	-0.537355	-0.609426	-0.646925	-0.62973	-0.551286	-0.401309	-0.181944	0.0769151	0.33613	0.571983	0.77276	0.919878	0.985681	0.952403	0.829716	0.653054	0.466234	0.303394	0.180785	0.0988185	0.0488674	0.0195403	0	
0	0.280597	0.532208	0.765916	0.980698	1.16868	1.31566	1.41123	1.45895	1.47066	1.45308	1.38572	1.27162	1.1352	1.01134	0.938447	0.930355	0.973915	1.0516	1.12422	1.14506	1.10763	1.00369	0.822906	0.58068	0.305135	0.0405557	-0.198638	-0.396356	-0.531633	-0.57804	-0.51959	-0.378454	-0.186958	0.003867	0.171281	0.296258	0.384604	0.44471	0.483267	0.513403	0.534752	0.55093	0.566711	0.573035	0.577295	0.575854	0.563986	0.543484	0.520253	0.474079	0.421402	0.356285	0.270311	0.17536	0.0662186	-0.0582435	-0.196063	-0.331085	-0.468139	-0.611797	-0.738592	-0.842759	-0.92966	-1.0066	-1.06855	-1.09001	-1.07339	-1.03783	-0.979831	-0.893036	-0.773697	-0.623864	-0.478797	-0.383869	-0.354055	-0.386203	-0.468632	-0.564162	-0.625654	-0.629578	-0.569887	-0.437197	-0.230507	0.0237961	0.285579	0.527706	0.737417	0.897583	0.980612	0.965275	0.856215	0.685672	0.49765	0.328929	0.198907	0.110224	0.055173	0.0222622	0	
0	0.2243	0.432102	0.633812	0.815812	0.97434	1.1042	1.17904	1.20012	1.19309	1.16578	1.11281	1.03627	0.943881	0.863977	0.832917	0.862182	0.933435	1.04284	1.14506	1.19508	1.18646	1.10636	0.948166	0.722801	0.453559	0.190728	-0.0524563	-0.257116	-0.4038	-0.467356	-0.424082	-0.296939	-0.110382	0.0780441	0.247625	0.372755	0.460014	0.514618	0.546931	0.564014	0.576198	0.57448	0.576663	0.564752	0.550278	0.52719	0.495243	0.449787	0.39946	0.333336	0.255015	0.168059	0.0615179	-0.0538932	-0.173387	-0.300934	-0.4394	-0.566115	-0.679404	-0.793483	-0.891776	-0.966256	-1.02091	-1.06233	-1.08835	-1.072	-1.00989	-0.926935	-0.831846	-0.726232	-0.609921	-0.479359	-0.358049	-0.285462	-0.275402	-0.323075	-0.418644	-0.529486	-0.608578	-0.629285	-0.585257	-0.467863	-0.273383	-0.0244293	0.238781	0.486112	0.703434	0.874805	0.973093	0.974358	0.878655	0.714884	0.526742	0.35317	0.216463	0.121464	0.0614759	0.02501	0	
0	0.165172	0.321481	0.469109	0.596715	0.709307	0.798729	0.840191	0.83548	0.816489	0.804108	0.785042	0.755358	0.714582	0.680029	0.689725	0.747495	0.846663	0.980768	1.10763	1.18646	1.20362	1.1458	1.01263	0.801732	0.543697	0.282766	0.0376886	-0.170962	-0.328921	-0.405176	-0.37904	-0.263039	-0.085901	0.101502	0.268596	0.394287	0.477967	0.525912	0.550679	0.554376	0.552426	0.53622	0.516999	0.489169	0.453227	0.410469	0.357204	0.292615	0.220142	0.129665	0.032977	-0.067936	-0.18374	-0.303626	-0.423328	-0.538928	-0.655745	-0.760036	-0.846622	-0.931197	-1.00069	-1.0444	-1.06434	-1.06511	-1.0478	-0.989772	-0.8875	-0.771726	-0.660293	-0.557849	-0.462644	-0.363097	-0.270517	-0.218983	-0.223424	-0.280075	-0.382073	-0.501989	-0.593862	-0.628122	-0.597386	-0.493558	-0.310665	-0.0675723	0.196085	0.447645	0.671407	0.852324	0.963961	0.980317	0.897365	0.74068	0.553271	0.375797	0.233161	0.132326	0.0676456	0.0277241	0	
0	0.104609	0.200973	0.288171	0.350217	0.395495	0.431851	0.436169	0.411523	0.398861	0.405687	0.418942	0.438647	0.449836	0.458442	0.498809	0.584387	0.702227	0.85456	1.00369	1.10636	1.1458	1.11236	0.999102	0.806633	0.559327	0.302048	0.0578715	-0.154559	-0.320422	-0.40826	-0.397686	-0.292975	-0.12551	0.0578988	0.222807	0.345341	0.425283	0.466611	0.480741	0.47487	0.457968	0.426364	0.392318	0.343503	0.2884	0.225402	0.152425	0.0672875	-0.0159615	-0.112534	-0.220538	-0.323766	-0.434022	-0.542246	-0.643377	-0.737606	-0.831303	-0.911464	-0.969073	-1.02185	-1.06021	-1.06897	-1.04745	-1.002	-0.941351	-0.850431	-0.725833	-0.599891	-0.494033	-0.411421	-0.346217	-0.279709	-0.21345	-0.177896	-0.190831	-0.251021	-0.354724	-0.479412	-0.580585	-0.625945	-0.606584	-0.514727	-0.342609	-0.105585	0.157744	0.41266	0.641825	0.830804	0.953967	0.983798	0.912721	0.76312	0.577068	0.396537	0.248732	0.142602	0.073551	0.0303429	0	
0	0.0328962	0.063166	0.0812174	0.0738646	0.0616626	0.0554058	0.0348684	0.00153706	-0.00992346	0.014707	0.0619152	0.120349	0.16284	0.194171	0.257743	0.355112	0.486747	0.655999	0.822906	0.948166	1.01263	0.999102	0.909497	0.734017	0.498464	0.247525	0.00382327	-0.210114	-0.381932	-0.481346	-0.482179	-0.39134	-0.231403	-0.0542107	0.106514	0.226098	0.298966	0.331845	0.336645	0.314206	0.286084	0.238056	0.187084	0.12847	0.0591938	-0.014867	-0.0938525	-0.184562	-0.277343	-0.371929	-0.468968	-0.558854	-0.652732	-0.743563	-0.824623	-0.894318	-0.960845	-1.01432	-1.04164	-1.05841	-1.05744	-1.02417	-0.960198	-0.875084	-0.784291	-0.679504	-0.555223	-0.44017	-0.35481	-0.299139	-0.263812	-0.225727	-0.179852	-0.154537	-0.171055	-0.231137	-0.333713	-0.460458	-0.568438	-0.622943	-0.613304	-0.53189	-0.369558	-0.138516	0.123927	0.381443	0.615089	0.810804	0.943775	0.98541	0.925112	0.782319	0.59802	0.415163	0.262937	0.152097	0.0790646	0.0328056	0	
0	-0.049971	-0.0947835	-0.143186	-0.206793	-0.261769	-0.292452	-0.32222	-0.35382	-0.350933	-0.311594	-0.253999	-0.184166	-0.126747	-0.0805274	-0.0133141	0.0903993	0.228228	0.402704	0.58068	0.722801	0.801732	0.806633	0.734017	0.57208	0.348845	0.100805	-0.140096	-0.355617	-0.533566	-0.63938	-0.654913	-0.571053	-0.423007	-0.248324	-0.0920783	0.0241128	0.0945688	0.120759	0.118733	0.0910646	0.0510009	-0.00200567	-0.0613251	-0.129169	-0.201678	-0.27739	-0.356898	-0.439338	-0.516675	-0.598813	-0.686009	-0.760572	-0.833255	-0.901533	-0.95959	-1.00242	-1.03814	-1.05982	-1.04941	-1.02285	-0.980363	-0.909579	-0.814003	-0.706523	-0.606833	-0.509304	-0.403385	-0.311543	-0.251853	-0.221909	-0.210813	-0.193868	-0.162016	-0.142287	-0.159186	-0.217185	-0.317256	-0.444474	-0.557448	-0.619454	-0.618033	-0.545566	-0.391884	-0.166472	0.0947437	0.354218	0.591525	0.792786	0.933954	0.985702	0.934924	0.798423	0.616064	0.431492	0.275562	0.160632	0.0840666	0.0350538	0	
0	-0.126155	-0.23975	-0.345832	-0.451121	-0.531601	-0.574196	-0.602506	-0.627089	-0.621483	-0.580326	-0.516359	-0.436271	-0.37598	-0.336813	-0.272811	-0.177966	-0.0473988	0.124923	0.305135	0.453559	0.543697	0.559327	0.498464	0.348845	0.131751	-0.111372	-0.352381	-0.569471	-0.75069	-0.865734	-0.888089	-0.816061	-0.671927	-0.502936	-0.347686	-0.231631	-0.164263	-0.137899	-0.143014	-0.173997	-0.212572	-0.267592	-0.324331	-0.384524	-0.452353	-0.520066	-0.586986	-0.662274	-0.731992	-0.795686	-0.861561	-0.914979	-0.966202	-1.00956	-1.03809	-1.04923	-1.04762	-1.02863	-0.978361	-0.913834	-0.83905	-0.745214	-0.637991	-0.530028	-0.440885	-0.364897	-0.285863	-0.219981	-0.183575	-0.173588	-0.179405	-0.176568	-0.153582	-0.136372	-0.151994	-0.207164	-0.304317	-0.431179	-0.547796	-0.615853	-0.62123	-0.556236	-0.409949	-0.189593	0.0702522	0.331159	0.571393	0.777125	0.924985	0.98516	0.942518	0.811592	0.631174	0.445379	0.286429	0.168051	0.0884479	0.0370335	0	
0	-0.177079	-0.331396	-0.471477	-0.605972	-0.70576	-0.756877	-0.7899	-0.816983	-0.810696	-0.77236	-0.714845	-0.645576	-0.594833	-0.559725	-0.507702	-0.422912	-0.300292	-0.135518	0.0405557	0.190728	0.282766	0.302048	0.247525	0.100805	-0.111372	-0.356027	-0.597527	-0.817327	-1.00342	-1.12272	-1.15454	-1.08583	-0.948301	-0.777781	-0.621892	-0.503316	-0.43043	-0.402973	-0.402571	-0.429587	-0.465854	-0.513483	-0.565696	-0.620803	-0.678174	-0.735281	-0.790918	-0.845647	-0.895899	-0.941672	-0.98837	-1.01832	-1.03817	-1.04924	-1.0432	-1.01396	-0.973327	-0.921418	-0.840703	-0.750379	-0.661485	-0.56583	-0.466828	-0.374749	-0.307295	-0.257686	-0.205209	-0.161517	-0.142478	-0.14575	-0.162009	-0.167839	-0.150155	-0.133775	-0.147549	-0.199917	-0.294313	-0.42047	-0.539695	-0.612486	-0.623296	-0.564315	-0.424087	-0.208029	0.0504784	0.312394	0.554896	0.764121	0.917261	0.984196	0.948216	0.821988	0.643348	0.456715	0.295389	0.174217	0.0921132	0.038697	0	
0	-0.185349	-0.351355	-0.503176	-0.64476	-0.753322	-0.817711	-0.862198	-0.902558	-0.914892	-0.895523	-0.855554	-0.797716	-0.757624	-0.738954	-0.700173	-0.630228	-0.520754	-0.367477	-0.198638	-0.0524563	0.0376886	0.0578715	0.00382327	-0.140096	-0.352381	-0.597527	-0.841434	-1.06383	-1.25309	-1.37757	-1.41352	-1.35019	-1.21346	-1.04312	-0.884287	-0.760443	-0.684562	-0.649192	-0.645137	-0.66464	-0.693113	-0.732461	-0.774443	-0.815637	-0.861338	-0.903718	-0.94151	-0.981181	-1.01007	-1.02872	-1.04463	-1.04147	-1.02841	-1.00286	-0.961401	-0.902486	-0.832622	-0.756198	-0.662377	-0.568953	-0.485609	-0.40365	-0.324788	-0.256061	-0.2126	-0.18683	-0.155467	-0.127658	-0.119801	-0.130825	-0.152884	-0.163703	-0.149083	-0.132768	-0.144775	-0.194792	-0.286915	-0.412319	-0.533338	-0.609642	-0.624558	-0.570145	-0.43458	-0.221923	0.0354258	0.298019	0.54219	0.754007	0.911092	0.983146	0.952291	0.829756	0.652597	0.465419	0.302323	0.17902	0.0949828	0.0400038	0	
0	-0.165783	-0.308908	-0.443492	-0.580824	-0.692183	-0.762842	-0.82208	-0.881798	-0.915748	-0.92316	-0.908003	-0.875348	-0.859977	-0.860263	-0.841634	-0.789147	-0.69596	-0.555072	-0.396356	-0.257116	-0.170962	-0.154559	-0.210114	-0.355617	-0.569471	-0.817327	-1.06383	-1.28923	-1.48115	-1.60882	-1.64812	-1.58654	-1.45047	-1.27801	-1.11492	-0.986868	-0.902976	-0.862811	-0.849165	-0.861263	-0.87968	-0.908055	-0.936639	-0.964334	-0.991128	-1.01283	-1.02758	-1.03832	-1.04018	-1.02745	-1.01227	-0.978598	-0.932536	-0.879507	-0.813358	-0.732269	-0.651146	-0.574374	-0.485601	-0.402413	-0.336468	-0.277016	-0.222145	-0.176011	-0.152534	-0.14448	-0.127557	-0.109742	-0.108275	-0.123343	-0.148323	-0.161845	-0.148932	-0.132447	-0.143102	-0.19143	-0.281933	-0.406722	-0.528875	-0.607544	-0.625267	-0.57399	-0.441654	-0.231397	0.0250865	0.288099	0.533389	0.746952	0.90671	0.982265	0.954956	0.835017	0.65894	0.471435	0.307144	0.182375	0.0969946	0.0409223	0	
0	-0.124515	-0.23416	-0.341928	-0.455714	-0.554101	-0.625387	-0.69211	-0.767681	-0.823825	-0.854199	-0.866595	-0.86155	-0.871056	-0.896146	-0.901384	-0.871881	-0.796873	-0.674904	-0.531633	-0.4038	-0.328921	-0.320422	-0.381932	-0.533566	-0.75069	-1.00342	-1.25309	-1.48115	-1.67589	-1.8046	-1.84605	-1.78354	-1.64692	-1.46971	-1.30257	-1.166	-1.07531	-1.02384	-1.00041	-0.998542	-1.00373	-1.01405	-1.02596	-1.0315	-1.03638	-1.03414	-1.02268	-1.00592	-0.977342	-0.938757	-0.896924	-0.838006	-0.772578	-0.703416	-0.629869	-0.550353	-0.473528	-0.405934	-0.33388	-0.271807	-0.228135	-0.190369	-0.155625	-0.127126	-0.11812	-0.121595	-0.113225	-0.100972	-0.102875	-0.119911	-0.14623	-0.161061	-0.149	-0.132366	-0.142241	-0.189639	-0.279256	-0.40368	-0.526409	-0.606344	-0.625595	-0.576031	-0.445467	-0.236539	0.0194499	0.282676	0.528565	0.743069	0.904272	0.981731	0.956364	0.83786	0.662395	0.474727	0.309791	0.184223	0.0981053	0.0414302	0	
0	-0.0854403	-0.154852	-0.227024	-0.316189	-0.396921	-0.45537	-0.518353	-0.595908	-0.661302	-0.710253	-0.740785	-0.75424	-0.786057	-0.836077	-0.864611	-0.857193	-0.806841	-0.703794	-0.57804	-0.467356	-0.405176	-0.40826	-0.481346	-0.63938	-0.865734	-1.12272	-1.37757	-1.60882	-1.8046	-1.9351	-1.9742	-1.91142	-1.7692	-1.58892	-1.41316	-1.26998	-1.1682	-1.10589	-1.06851	-1.05218	-1.03848	-1.03199	-1.02035	-1.00465	-0.986015	-0.958855	-0.923528	-0.886393	-0.840279	-0.780206	-0.723544	-0.656768	-0.587322	-0.520978	-0.453033	-0.382951	-0.322809	-0.275533	-0.223929	-0.18164	-0.156766	-0.136566	-0.117117	-0.100501	-0.10023	-0.110174	-0.106363	-0.0970214	-0.100659	-0.118652	-0.14552	-0.160775	-0.148972	-0.132328	-0.142061	-0.189326	-0.278828	-0.403193	-0.525994	-0.606125	-0.625636	-0.57637	-0.446107	-0.2374	0.0185086	0.281772	0.527761	0.74242	0.903864	0.98164	0.956597	0.838333	0.662971	0.475277	0.310234	0.184532	0.098291	0.0415151	0	
0	-0.0511891	-0.0900174	-0.13364	-0.194542	-0.251727	-0.292975	-0.343632	-0.415735	-0.477458	-0.523505	-0.560317	-0.58781	-0.6345	-0.696427	-0.741611	-0.751035	-0.713501	-0.628034	-0.51959	-0.424082	-0.37904	-0.397686	-0.482179	-0.654913	-0.888089	-1.15454	-1.41352	-1.64812	-1.84605	-1.9742	-2.01279	-1.94312	-1.79816	-1.60828	-1.42688	-1.27241	-1.16017	-1.08509	-1.03315	-1.0009	-0.972703	-0.946507	-0.920912	-0.887859	-0.852455	-0.81154	-0.763474	-0.71117	-0.653754	-0.594371	-0.53952	-0.475972	-0.41404	-0.358713	-0.307436	-0.255928	-0.213917	-0.184967	-0.151035	-0.125523	-0.115669	-0.107255	-0.0964958	-0.0867456	-0.0918908	-0.10525	-0.103294	-0.09531	-0.100021	-0.118647	-0.145692	-0.160726	-0.14871	-0.13226	-0.142524	-0.190472	-0.280639	-0.405256	-0.527636	-0.6069	-0.625405	-0.575022	-0.443589	-0.233989	0.0222612	0.28539	0.530981	0.745015	0.905498	0.982007	0.95567	0.836445	0.660671	0.473081	0.308465	0.183296	0.0975476	0.041175	0	
0	-0.0281345	-0.0443493	-0.0656635	-0.105863	-0.142663	-0.16455	-0.198021	-0.253835	-0.305556	-0.346966	-0.377665	-0.398281	-0.443643	-0.513534	-0.562758	-0.578778	-0.553631	-0.476531	-0.378454	-0.296939	-0.263039	-0.292975	-0.39134	-0.571053	-0.816061	-1.08583	-1.35019	-1.58654	-1.78354	-1.91142	-1.94312	-1.87155	-1.71744	-1.52535	-1.33553	-1.17611	-1.05651	-0.972111	-0.911651	-0.869508	-0.828174	-0.794627	-0.755215	-0.712816	-0.671089	-0.623483	-0.572225	-0.526511	-0.476794	-0.41989	-0.372513	-0.321759	-0.276368	-0.238422	-0.202603	-0.16829	-0.143812	-0.129097	-0.108475	-0.0951188	-0.0936778	-0.0916343	-0.08645	-0.0808445	-0.0887238	-0.103332	-0.101854	-0.0946534	-0.100261	-0.11947	-0.146501	-0.160781	-0.148158	-0.132162	-0.14366	-0.193116	-0.284714	-0.409865	-0.531297	-0.608615	-0.624843	-0.571921	-0.437853	-0.226271	0.0307134	0.293515	0.5382	0.750813	0.909119	0.982769	0.953525	0.832164	0.655487	0.468151	0.304507	0.180538	0.0958912	0.0404181	0	
0	-0.0143908	-0.0167995	-0.0230513	-0.0479774	-0.0694763	-0.0748061	-0.0937777	-0.136702	-0.17011	-0.192999	-0.21276	-0.230294	-0.272207	-0.332072	-0.378407	-0.389341	-0.358139	-0.281624	-0.186958	-0.110382	-0.085901	-0.12551	-0.231403	-0.423007	-0.671927	-0.948301	-1.21346	-1.45047	-1.64692	-1.7692	-1.79816	-1.71744	-1.5614	-1.36211	-1.17088	-1.00753	-0.883521	-0.796717	-0.730755	-0.684517	-0.642358	-0.604164	-0.567043	-0.527609	-0.487836	-0.446656	-0.404129	-0.361331	-0.317681	-0.277758	-0.24746	-0.212108	-0.18051	-0.157072	-0.137146	-0.114806	-0.101869	-0.0988637	-0.0860583	-0.0787129	-0.0831679	-0.0852634	-0.0819822	-0.0780915	-0.0880328	-0.103113	-0.101139	-0.0944016	-0.101034	-0.120964	-0.147842	-0.16085	-0.147289	-0.13208	-0.145556	-0.197351	-0.291116	-0.417005	-0.536888	-0.611145	-0.623809	-0.56692	-0.428769	-0.214171	0.0438757	0.306115	0.549357	0.759722	0.914598	0.983781	0.950041	0.825414	0.647404	0.460517	0.298409	0.176304	0.0933573	0.0392628	0	
0	-0.00500848	-0.00167307	-0.00104704	-0.0151555	-0.0246121	-0.0192143	-0.0254961	-0.0550263	-0.0787166	-0.0891853	-0.093864	-0.0946969	-0.124392	-0.179504	-0.212856	-0.215303	-0.17823	-0.0943213	0.003867	0.0780441	0.101502	0.0578988	-0.0542107	-0.248324	-0.502936	-0.777781	-1.04312	-1.27801	-1.46971	-1.58892	-1.60828	-1.52535	-1.36211	-1.16466	-0.973159	-0.812081	-0.692607	-0.606604	-0.544891	-0.502446	-0.460958	-0.429995	-0.395649	-0.360631	-0.329667	-0.296714	-0.262681	-0.237624	-0.211119	-0.182312	-0.162275	-0.137615	-0.120406	-0.109085	-0.097305	-0.0860253	-0.0824837	-0.082377	-0.0737036	-0.0726112	-0.0794133	-0.0818121	-0.0797511	-0.0776687	-0.0889059	-0.10341	-0.100508	-0.0944179	-0.102311	-0.123071	-0.149619	-0.160837	-0.146093	-0.13211	-0.148353	-0.203319	-0.299932	-0.426647	-0.544267	-0.614293	-0.622085	-0.559787	-0.416136	-0.197578	0.061758	0.323135	0.564355	0.771595	0.921736	0.984819	0.945026	0.816089	0.636403	0.450226	0.290246	0.17067	0.0900008	0.0377371	0	
0	-0.00140264	0.00621265	0.0122197	0.00223163	-0.00161336	0.0121512	0.0119277	-0.00903301	-0.0177678	-0.0153417	-0.0108461	-0.00730871	-0.0290033	-0.0691852	-0.0923543	-0.0779039	-0.0270064	0.0672866	0.171281	0.247625	0.268596	0.222807	0.106514	-0.0920783	-0.347686	-0.621892	-0.884287	-1.11492	-1.30257	-1.41316	-1.42688	-1.33553	-1.17088	-0.973159	-0.784709	-0.630312	-0.514118	-0.435894	-0.379126	-0.341852	-0.309226	-0.284705	-0.259087	-0.23675	-0.215539	-0.193385	-0.173244	-0.155373	-0.134635	-0.117759	-0.109786	-0.0969499	-0.0878094	-0.083334	-0.0792602	-0.070619	-0.0702578	-0.0758785	-0.0699314	-0.0694252	-0.0774952	-0.0812744	-0.0792498	-0.0776957	-0.09027	-0.1041	-0.0999589	-0.0946188	-0.104047	-0.12578	-0.151755	-0.160637	-0.144579	-0.132394	-0.152247	-0.211211	-0.31127	-0.438733	-0.553227	-0.617786	-0.619371	-0.55021	-0.399694	-0.176356	0.0843628	0.344491	0.583055	0.786226	0.930252	0.985579	0.93823	0.804051	0.62247	0.437347	0.280125	0.163736	0.0858944	0.0358781	0	
0	0.00270089	0.00873157	0.0151267	0.0113693	0.0129854	0.0289619	0.0332308	0.0161616	0.0113539	0.0250352	0.0394075	0.0516454	0.0360701	0.00169523	-0.007641	0.0172309	0.0812444	0.185327	0.296258	0.372755	0.394287	0.345341	0.226098	0.0241128	-0.231631	-0.503316	-0.760443	-0.986868	-1.166	-1.26998	-1.27241	-1.17611	-1.00753	-0.812081	-0.630312	-0.481504	-0.37601	-0.304228	-0.25584	-0.227538	-0.201015	-0.185321	-0.167959	-0.152121	-0.138547	-0.125424	-0.111532	-0.104028	-0.0938987	-0.0863455	-0.0841693	-0.0735713	-0.0701521	-0.0702413	-0.0673421	-0.0642621	-0.0692839	-0.0724856	-0.0658922	-0.0695907	-0.0786225	-0.0807251	-0.0784032	-0.0786099	-0.0925118	-0.104751	-0.0991871	-0.0950834	-0.106366	-0.129092	-0.154123	-0.160121	-0.142787	-0.133135	-0.157492	-0.221255	-0.325241	-0.453163	-0.563488	-0.62127	-0.615282	-0.537795	-0.379124	-0.150356	0.111675	0.370069	0.605275	0.803344	0.939787	0.985678	0.929351	0.789143	0.605598	0.421979	0.268182	0.155628	0.0811275	0.0337307	0	
0	0.00477432	0.0111433	0.0178527	0.0143685	0.0184062	0.0369483	0.0419137	0.0302493	0.0316247	0.0485581	0.067548	0.0807686	0.0691596	0.0428598	0.0428271	0.0825675	0.156138	0.270752	0.384604	0.460014	0.477967	0.425283	0.298966	0.0945688	-0.164263	-0.43043	-0.684562	-0.902976	-1.07531	-1.1682	-1.16017	-1.05651	-0.883521	-0.692607	-0.514118	-0.37601	-0.276787	-0.213446	-0.172882	-0.150154	-0.130372	-0.122386	-0.109233	-0.101461	-0.0954444	-0.0872221	-0.0806633	-0.0785806	-0.0717352	-0.0676203	-0.0671271	-0.0621379	-0.0633879	-0.0654151	-0.0652475	-0.0617707	-0.0660301	-0.0710731	-0.066681	-0.0704194	-0.0784847	-0.0807839	-0.0786869	-0.0799082	-0.0947741	-0.105259	-0.0984307	-0.0959406	-0.109293	-0.132973	-0.156579	-0.159163	-0.140807	-0.134602	-0.164396	-0.233713	-0.341943	-0.469772	-0.574683	-0.624306	-0.609352	-0.522076	-0.354068	-0.119429	0.14365	0.399714	0.630777	0.822603	0.949897	0.984662	0.91804	0.771203	0.585804	0.404252	0.254584	0.146496	0.0758039	0.0313466	0	
0	0.00721775	0.0102607	0.0162245	0.0178671	0.0246785	0.0410026	0.0448495	0.0338465	0.0396826	0.0648707	0.0848501	0.0958558	0.0851732	0.064909	0.073314	0.123892	0.209612	0.327947	0.44471	0.514618	0.525912	0.466611	0.331845	0.120759	-0.137899	-0.402973	-0.649192	-0.862811	-1.02384	-1.10589	-1.08509	-0.972111	-0.796717	-0.606604	-0.435894	-0.304228	-0.213446	-0.156798	-0.122034	-0.103849	-0.0901717	-0.0848936	-0.0768423	-0.0749243	-0.0704942	-0.0669996	-0.0650183	-0.0653356	-0.0584823	-0.059481	-0.0632503	-0.0588459	-0.0607887	-0.0625959	-0.0614986	-0.0608796	-0.0686614	-0.070974	-0.0651268	-0.0716818	-0.0803216	-0.0809407	-0.0782815	-0.0816392	-0.0976464	-0.105567	-0.0975395	-0.0972826	-0.112952	-0.137388	-0.158917	-0.157636	-0.1388	-0.137144	-0.173319	-0.248867	-0.361437	-0.488305	-0.586351	-0.626369	-0.601026	-0.502513	-0.324144	-0.0834485	0.180204	0.433224	0.659265	0.843577	0.960048	0.982003	0.903921	0.750076	0.563135	0.384331	0.239531	0.136509	0.0700396	0.0287827	0	
0	0.0097759	0.0112446	0.0154349	0.0179915	0.0272753	0.0432062	0.0463076	0.0384561	0.0439587	0.0704169	0.0960081	0.105115	0.0913277	0.0753875	0.0929546	0.151462	0.245022	0.37018	0.483267	0.546931	0.550679	0.480741	0.336645	0.118733	-0.143014	-0.402571	-0.645137	-0.849165	-1.00041	-1.06851	-1.03315	-0.911651	-0.730755	-0.544891	-0.379126	-0.25584	-0.172882	-0.122034	-0.0930327	-0.0801203	-0.0685846	-0.0682528	-0.062802	-0.0612522	-0.059933	-0.0581923	-0.0558974	-0.0565358	-0.0555698	-0.0597889	-0.059324	-0.0551615	-0.0595053	-0.0627122	-0.062454	-0.061613	-0.0686821	-0.0700855	-0.0662495	-0.0740199	-0.0808161	-0.0805812	-0.0787855	-0.0842602	-0.100414	-0.105328	-0.0967847	-0.0993751	-0.117386	-0.142203	-0.160894	-0.155462	-0.137031	-0.141189	-0.184666	-0.266997	-0.383716	-0.508398	-0.597921	-0.62684	-0.589666	-0.478512	-0.288964	-0.0423286	0.221194	0.470339	0.690368	0.865749	0.969614	0.977115	0.886602	0.725635	0.537682	0.362428	0.223251	0.125856	0.0639594	0.0260991	0	
0	0.012667	0.0103555	0.0127077	0.0203812	0.0323091	0.0430973	0.043082	0.0405112	0.0518224	0.0788407	0.0986822	0.10278	0.0924914	0.0827228	0.107923	0.179597	0.279516	0.403435	0.513403	0.564014	0.554376	0.47487	0.314206	0.0910646	-0.173997	-0.429587	-0.66464	-0.861263	-0.998542	-1.05218	-1.0009	-0.869508	-0.684517	-0.502446	-0.341852	-0.227538	-0.150154	-0.103849	-0.0801203	-0.065614	-0.0583751	-0.0578132	-0.0510479	-0.054525	-0.0536032	-0.0524051	-0.0548019	-0.0596308	-0.0538152	-0.0558684	-0.0568174	-0.0561265	-0.0620313	-0.0623541	-0.0609361	-0.0631179	-0.0708048	-0.0693873	-0.0666123	-0.0761511	-0.0819328	-0.080694	-0.0793538	-0.0871686	-0.103175	-0.10476	-0.09632	-0.102311	-0.122616	-0.14726	-0.162233	-0.152631	-0.135885	-0.14725	-0.198873	-0.288356	-0.408668	-0.529545	-0.608706	-0.62501	-0.574553	-0.449436	-0.248167	0.00395011	0.266414	0.510738	0.723636	0.888499	0.977879	0.969366	0.865699	0.697792	0.509589	0.338795	0.206003	0.114741	0.0576935	0.0233573	0	
0	0.01343	0.0104489	0.0121919	0.0214285	0.0353739	0.0443401	0.0413848	0.0403502	0.0536879	0.0852141	0.10942	0.104857	0.0871478	0.087006	0.119678	0.197494	0.308784	0.433244	0.534752	0.576198	0.552426	0.457968	0.286084	0.0510009	-0.212572	-0.465854	-0.693113	-0.87968	-1.00373	-1.03848	-0.972703	-0.828174	-0.642358	-0.460958	-0.309226	-0.201015	-0.130372	-0.0901717	-0.0685846	-0.0583751	-0.0545494	-0.0533638	-0.0527439	-0.0552342	-0.0531379	-0.0537956	-0.0552518	-0.051854	-0.0500415	-0.0595284	-0.0586316	-0.0577728	-0.0611986	-0.0621803	-0.0626153	-0.0637534	-0.071086	-0.0696173	-0.0685431	-0.0784482	-0.0823948	-0.0804008	-0.0805241	-0.0909999	-0.105673	-0.10358	-0.0963637	-0.10635	-0.128638	-0.152276	-0.162635	-0.149265	-0.135902	-0.155911	-0.216383	-0.313133	-0.436034	-0.551076	-0.617903	-0.620079	-0.554893	-0.414626	-0.201445	0.0553173	0.315577	0.554022	0.758521	0.911094	0.98404	0.958094	0.840861	0.666529	0.479067	0.313734	0.18807	0.103375	0.0513731	0.0206179	0	
0	0.0169003	0.00999738	0.0088143	0.0235798	0.0400126	0.0428169	0.0393488	0.0466182	0.0607387	0.0859207	0.105848	0.102424	0.0886262	0.0943843	0.14047	0.226076	0.339644	0.460173	0.55093	0.57448	0.53622	0.426364	0.238056	-0.00200567	-0.267592	-0.513483	-0.732461	-0.908055	-1.01405	-1.03199	-0.946507	-0.794627	-0.604164	-0.429995	-0.284705	-0.185321	-0.122386	-0.0848936	-0.0682528	-0.0578132	-0.0533638	-0.0533603	-0.0493126	-0.0509739	-0.0501049	-0.0509499	-0.0519826	-0.055976	-0.0575564	-0.0605505	-0.0556654	-0.056412	-0.0628705	-0.0631848	-0.061556	-0.067059	-0.073905	-0.0677464	-0.0696752	-0.0814178	-0.0828086	-0.0802888	-0.0826515	-0.0952428	-0.107345	-0.102035	-0.0974158	-0.111616	-0.135269	-0.156883	-0.16186	-0.145675	-0.137773	-0.167801	-0.237617	-0.341408	-0.46536	-0.572141	-0.624593	-0.611164	-0.529829	-0.373442	-0.148588	0.11159	0.368307	0.599707	0.794363	0.932684	0.987215	0.942638	0.811798	0.63191	0.446399	0.287591	0.169754	0.0919727	0.0451263	0.0179386	0	
