0	0	0	0	0	0	0	0	0	0	0	0	0	0	0	0	0	0	0	0	0	0	0	0	0	0	0	0	0	0	0	0	0	0	0	0	0	0	0	0	0	0	0	0	0	0	0	0	0	0	0	0	0	0	0	0	0	0	0	0	0	0	0	0	0	0	0	0	0	0	0	0	0	0	0	0	0	0	0	0	0	0	0	0	0	0	0	0	0	0	0	0	0	0	0	0	0	0	0	0	
0	-0.00205829	-0.0132466	-0.0325382	-0.0559083	-0.0801181	-0.103261	-0.123609	-0.145659	-0.168813	-0.186489	-0.193192	-0.190445	-0.181074	-0.163754	-0.135325	-0.0904406	-0.0302487	0.0366483	0.0997324	0.151378	0.188305	0.208946	0.214696	0.208505	0.190741	0.162867	0.128905	0.09953	0.0779228	0.0642737	0.0610277	0.0721668	0.0964331	0.127534	0.154929	0.172821	0.180386	0.17478	0.153544	0.119047	0.0716088	0.0130533	-0.0500114	-0.10835	-0.152518	-0.178933	-0.19079	-0.192819	-0.187904	-0.174605	-0.150988	-0.11799	-0.0793126	-0.0403692	-0.00699317	0.019404	0.037879	0.0503433	0.0536485	0.0484353	0.0408979	0.0347327	0.0303692	0.0250394	0.0166654	0.00794427	0.00501177	0.0141526	0.0334027	0.0515883	0.0639817	0.0734896	0.0835377	0.0982413	0.116702	0.12975	0.132248	0.118544	0.0904276	0.0515039	0.00375635	-0.0469776	-0.0996381	-0.150213	-0.197881	-0.241342	-0.27813	-0.306479	-0.321333	-0.323008	-0.31325	-0.29342	-0.267901	-0.238466	-0.20311	-0.162008	-0.114084	-0.0585209	0	
0	-0.0132466	-0.036505	-0.0673573	-0.10484	-0.150384	-0.199928	-0.244698	-0.285904	-0.324291	-0.351604	-0.36256	-0.358173	-0.337632	-0.29716	-0.231938	-0.140363	-0.0246084	0.0994965	0.217704	0.315725	0.38477	0.418873	0.421371	0.400841	0.361181	0.304056	0.235455	0.175695	0.1321	0.10892	0.11095	0.143194	0.200096	0.265124	0.320175	0.356705	0.373644	0.367519	0.326978	0.257632	0.15965	0.0399065	-0.086259	-0.199117	-0.28555	-0.334666	-0.357442	-0.358942	-0.346986	-0.321136	-0.280424	-0.224311	-0.158252	-0.088451	-0.0260021	0.0196973	0.0485306	0.0677512	0.075356	0.0717859	0.0674826	0.0645924	0.0606912	0.0548496	0.0449832	0.0363085	0.0350944	0.0476164	0.0735975	0.100712	0.126395	0.1488	0.169976	0.193679	0.215808	0.225772	0.217414	0.184163	0.128634	0.0571971	-0.0272776	-0.114277	-0.2012	-0.288943	-0.373329	-0.447488	-0.509225	-0.553168	-0.5766	-0.585067	-0.578979	-0.559209	-0.526852	-0.479011	-0.411963	-0.3278	-0.228661	-0.116548	0	
0	-0.0325382	-0.0673573	-0.100164	-0.140809	-0.201428	-0.27773	-0.346314	-0.403318	-0.44892	-0.480323	-0.492625	-0.484013	-0.448166	-0.376568	-0.27181	-0.135071	0.0254638	0.194911	0.355916	0.490347	0.582357	0.621406	0.613056	0.573199	0.508123	0.420378	0.31719	0.228243	0.167602	0.141173	0.155252	0.213653	0.303448	0.402985	0.486895	0.545472	0.579046	0.574684	0.517946	0.413735	0.269184	0.0984321	-0.0760518	-0.233019	-0.354343	-0.432962	-0.473123	-0.481026	-0.464758	-0.4289	-0.377439	-0.312548	-0.234709	-0.14889	-0.0712191	-0.0132825	0.0195787	0.0416767	0.0559501	0.0654054	0.0739534	0.0768581	0.0744575	0.0729544	0.0772039	0.0866733	0.0970013	0.112587	0.13776	0.164926	0.195127	0.228349	0.254209	0.271043	0.280416	0.271712	0.243447	0.185309	0.102888	0.00627841	-0.100873	-0.207339	-0.316968	-0.423821	-0.524345	-0.611141	-0.6778	-0.726413	-0.754214	-0.76943	-0.775022	-0.763813	-0.733592	-0.678809	-0.590969	-0.474584	-0.333359	-0.170301	0	
0	-0.0559083	-0.10484	-0.140809	-0.183134	-0.255586	-0.351312	-0.438248	-0.506195	-0.559472	-0.593824	-0.602406	-0.579089	-0.514632	-0.40648	-0.261531	-0.0889593	0.107317	0.309393	0.501044	0.658399	0.761884	0.79768	0.774193	0.711107	0.618161	0.49887	0.364718	0.255655	0.187036	0.164648	0.191596	0.270816	0.389408	0.520191	0.635251	0.720811	0.770244	0.769113	0.693847	0.56175	0.386858	0.189231	-0.00965299	-0.191789	-0.349037	-0.462862	-0.537279	-0.564032	-0.551954	-0.51135	-0.455912	-0.390336	-0.316056	-0.232213	-0.152754	-0.0951405	-0.0587684	-0.0241001	0.0100254	0.0375836	0.0612755	0.0748432	0.0798486	0.091354	0.115914	0.151996	0.187306	0.218216	0.247236	0.267934	0.288024	0.305506	0.315401	0.317642	0.306972	0.272117	0.212735	0.125601	0.019872	-0.0948928	-0.218471	-0.337654	-0.450581	-0.55743	-0.651821	-0.726583	-0.786787	-0.832251	-0.862312	-0.884864	-0.89482	-0.886929	-0.858579	-0.802335	-0.708854	-0.578558	-0.412333	-0.213292	0	
0	-0.0801181	-0.150384	-0.201428	-0.255586	-0.338296	-0.445299	-0.539957	-0.617377	-0.679034	-0.716369	-0.712779	-0.660227	-0.556168	-0.404483	-0.224321	-0.0223689	0.195314	0.416617	0.623093	0.791626	0.898015	0.925728	0.882111	0.792267	0.669898	0.524006	0.369853	0.250853	0.181841	0.163016	0.198086	0.294408	0.438163	0.601955	0.749191	0.858869	0.92391	0.921484	0.835506	0.687597	0.500705	0.294646	0.0860227	-0.116809	-0.302152	-0.454849	-0.56254	-0.614623	-0.616555	-0.583044	-0.533786	-0.478373	-0.415303	-0.342021	-0.271589	-0.213007	-0.167406	-0.112683	-0.0543462	-0.00179555	0.0418024	0.0715134	0.0962115	0.132099	0.184719	0.244855	0.29679	0.339399	0.374083	0.388477	0.387996	0.380959	0.362784	0.334213	0.294957	0.229315	0.140394	0.023249	-0.107877	-0.238814	-0.369669	-0.486597	-0.592631	-0.680946	-0.75137	-0.80428	-0.84328	-0.876626	-0.89966	-0.918407	-0.932809	-0.931853	-0.912559	-0.866019	-0.775335	-0.640267	-0.460476	-0.239015	0	
0	-0.103261	-0.199928	-0.27773	-0.351312	-0.445299	-0.555455	-0.652769	-0.733528	-0.799142	-0.829679	-0.803561	-0.714684	-0.566312	-0.37323	-0.158649	0.0623658	0.28846	0.508072	0.712476	0.879112	0.982313	0.997305	0.931856	0.815429	0.670992	0.51138	0.351002	0.233263	0.166911	0.151974	0.194413	0.30537	0.473458	0.663307	0.833249	0.959174	1.03109	1.03434	0.948375	0.803734	0.621074	0.416113	0.200275	-0.0174065	-0.230383	-0.410619	-0.551282	-0.634115	-0.665197	-0.656368	-0.625023	-0.579871	-0.525342	-0.460402	-0.394785	-0.338118	-0.282235	-0.206888	-0.123776	-0.0512651	0.0144145	0.074424	0.132295	0.196795	0.266247	0.335348	0.393561	0.44259	0.479662	0.485978	0.466484	0.428302	0.376835	0.319355	0.252418	0.159899	0.0429713	-0.0986073	-0.248227	-0.390356	-0.520716	-0.623085	-0.700824	-0.761706	-0.809206	-0.841101	-0.864559	-0.879253	-0.885007	-0.895677	-0.909834	-0.919717	-0.915749	-0.880556	-0.79517	-0.657956	-0.472099	-0.244711	0	
0	-0.123609	-0.244698	-0.346314	-0.438248	-0.539957	-0.652769	-0.747048	-0.822654	-0.874621	-0.882461	-0.824906	-0.700858	-0.518959	-0.294604	-0.0600767	0.168567	0.384617	0.585932	0.768233	0.917837	1.00571	1.00692	0.92717	0.800869	0.651982	0.492784	0.336404	0.224339	0.166016	0.158852	0.209101	0.331209	0.510548	0.712471	0.892498	1.02519	1.10758	1.12057	1.04953	0.919976	0.751237	0.553772	0.336888	0.107885	-0.118894	-0.323292	-0.492525	-0.613773	-0.686538	-0.714316	-0.70877	-0.677268	-0.626073	-0.559114	-0.490718	-0.426204	-0.361501	-0.273232	-0.177238	-0.0871183	-0.000628791	0.0811098	0.160044	0.240862	0.321025	0.392315	0.446812	0.488837	0.517646	0.513519	0.478139	0.42041	0.342985	0.255808	0.166794	0.0632427	-0.0559455	-0.201582	-0.35747	-0.499052	-0.618069	-0.698934	-0.754155	-0.794276	-0.825797	-0.8456	-0.852297	-0.850863	-0.842496	-0.841543	-0.853432	-0.865633	-0.867318	-0.841378	-0.764503	-0.636204	-0.458785	-0.238178	0	
0	-0.145659	-0.285904	-0.403318	-0.506195	-0.617377	-0.733528	-0.822654	-0.87746	-0.896553	-0.863665	-0.766481	-0.60992	-0.404585	-0.168508	0.068027	0.286412	0.484408	0.657342	0.806383	0.919271	0.978192	0.962107	0.881901	0.764737	0.627646	0.477523	0.327828	0.225962	0.181094	0.187065	0.246349	0.370618	0.549946	0.749956	0.929527	1.06577	1.15363	1.18028	1.12594	1.01777	0.87059	0.689609	0.481174	0.254399	0.0187988	-0.199935	-0.396319	-0.552773	-0.665717	-0.732121	-0.755471	-0.740494	-0.695053	-0.624799	-0.54482	-0.469377	-0.393983	-0.298875	-0.192917	-0.0915151	0.00757315	0.100956	0.18353	0.25912	0.330861	0.396237	0.442529	0.473065	0.485461	0.462407	0.407403	0.328553	0.232928	0.135841	0.0466901	-0.0504581	-0.160964	-0.292898	-0.430313	-0.553167	-0.653272	-0.718364	-0.758914	-0.783686	-0.796793	-0.794932	-0.785952	-0.773972	-0.760066	-0.757726	-0.76574	-0.774569	-0.776297	-0.756707	-0.695788	-0.587861	-0.430086	-0.226016	0	
0	-0.168813	-0.324291	-0.44892	-0.559472	-0.679034	-0.799142	-0.874621	-0.896553	-0.868182	-0.785645	-0.644711	-0.457332	-0.240022	-0.0108113	0.203751	0.396519	0.566438	0.709733	0.819347	0.891649	0.915879	0.886244	0.812031	0.714292	0.598635	0.465864	0.33101	0.241794	0.208161	0.221445	0.280738	0.402044	0.574676	0.767827	0.9411	1.07135	1.16014	1.19385	1.15719	1.07194	0.949548	0.791184	0.60082	0.386263	0.159639	-0.0606857	-0.265204	-0.440221	-0.579174	-0.67649	-0.734551	-0.748984	-0.718591	-0.645968	-0.553994	-0.465737	-0.386043	-0.287571	-0.178093	-0.0681476	0.0378729	0.12849	0.198911	0.25969	0.317398	0.363989	0.387902	0.390636	0.374503	0.327312	0.25443	0.16651	0.0721983	-0.0166611	-0.0956207	-0.179179	-0.272081	-0.381413	-0.490145	-0.580995	-0.655666	-0.703887	-0.729145	-0.735387	-0.723446	-0.694628	-0.660155	-0.630778	-0.610622	-0.606847	-0.61956	-0.638069	-0.653596	-0.652887	-0.612457	-0.525545	-0.388751	-0.205484	0	
0	-0.186489	-0.351604	-0.480323	-0.593824	-0.716369	-0.829679	-0.882461	-0.863665	-0.785645	-0.653907	-0.473533	-0.263301	-0.0460101	0.160264	0.337176	0.486774	0.616229	0.720666	0.796676	0.838331	0.84248	0.802084	0.731933	0.650697	0.562777	0.462957	0.357496	0.28632	0.25882	0.268301	0.321629	0.434214	0.596726	0.773772	0.926876	1.03882	1.11616	1.1517	1.12838	1.06333	0.96624	0.83633	0.678153	0.497461	0.300238	0.102269	-0.0914152	-0.267002	-0.419719	-0.544982	-0.636161	-0.681844	-0.672867	-0.609797	-0.518288	-0.430484	-0.351676	-0.258564	-0.149505	-0.0397567	0.0600164	0.140816	0.198483	0.23954	0.271364	0.289952	0.281031	0.253319	0.208912	0.137489	0.0475558	-0.0425309	-0.122868	-0.188978	-0.242779	-0.307096	-0.382403	-0.466879	-0.545773	-0.607685	-0.651513	-0.668717	-0.663888	-0.63847	-0.597658	-0.54346	-0.487141	-0.438248	-0.400997	-0.391602	-0.414612	-0.457427	-0.504511	-0.533612	-0.51884	-0.453273	-0.33709	-0.178494	0	
0	-0.193192	-0.36256	-0.492625	-0.602406	-0.712779	-0.803561	-0.824906	-0.766481	-0.644711	-0.473533	-0.267068	-0.0508327	0.152239	0.32572	0.455659	0.548882	0.619838	0.678911	0.726509	0.758499	0.756319	0.711858	0.641357	0.574775	0.519785	0.463204	0.397905	0.351592	0.332361	0.341796	0.387818	0.488448	0.628638	0.775017	0.895025	0.979254	1.03915	1.06744	1.04519	0.987832	0.908548	0.812565	0.702617	0.578963	0.436925	0.28159	0.116501	-0.0475451	-0.204157	-0.346368	-0.466166	-0.541603	-0.557422	-0.51509	-0.443278	-0.373259	-0.307825	-0.218785	-0.116361	-0.0209725	0.0579264	0.115063	0.149356	0.169859	0.179875	0.169395	0.133615	0.079315	0.0104233	-0.0785917	-0.175457	-0.262227	-0.32865	-0.373401	-0.404415	-0.436514	-0.4776	-0.533127	-0.587504	-0.623246	-0.633587	-0.608481	-0.554844	-0.490086	-0.421613	-0.347446	-0.272259	-0.203467	-0.15658	-0.148528	-0.185585	-0.256348	-0.338093	-0.404548	-0.425608	-0.390227	-0.298953	-0.161195	0	
0	-0.190445	-0.358173	-0.484013	-0.579089	-0.660227	-0.714684	-0.700858	-0.60992	-0.457332	-0.263301	-0.0508327	0.153498	0.32883	0.462954	0.54052	0.570947	0.580482	0.59368	0.620961	0.647492	0.646891	0.603301	0.540643	0.493338	0.470807	0.45414	0.429405	0.414582	0.419185	0.440412	0.486733	0.569127	0.676463	0.781251	0.862637	0.916408	0.954173	0.963875	0.929243	0.866293	0.798775	0.735592	0.678835	0.6176	0.538871	0.438272	0.315991	0.179438	0.0333919	-0.114479	-0.246621	-0.341564	-0.386055	-0.380466	-0.345781	-0.303577	-0.252201	-0.17657	-0.0893412	-0.0176802	0.0264485	0.0488267	0.0554778	0.0497307	0.0349322	0.00665992	-0.0464466	-0.114878	-0.195117	-0.289655	-0.387416	-0.469716	-0.527346	-0.557326	-0.55802	-0.552625	-0.555726	-0.576261	-0.602224	-0.607776	-0.577051	-0.506234	-0.411776	-0.308413	-0.205848	-0.105168	-0.0141377	0.0543238	0.0916941	0.0823914	0.0205605	-0.0774336	-0.190823	-0.292441	-0.350634	-0.349197	-0.281612	-0.156642	0	
0	-0.181074	-0.337632	-0.448166	-0.514632	-0.556168	-0.566312	-0.518959	-0.404585	-0.240022	-0.0460101	0.152239	0.32883	0.466357	0.550768	0.572123	0.545678	0.50685	0.486676	0.49202	0.508673	0.507148	0.476271	0.435747	0.415554	0.421942	0.437775	0.450133	0.473429	0.509427	0.552121	0.600868	0.666818	0.741481	0.80732	0.849902	0.870395	0.875629	0.857677	0.802973	0.732937	0.673961	0.637258	0.61906	0.607845	0.584642	0.541304	0.471992	0.37611	0.256125	0.120293	-0.0141447	-0.122896	-0.191564	-0.22132	-0.225281	-0.216483	-0.189679	-0.133365	-0.0715261	-0.0331015	-0.0235879	-0.035642	-0.0644916	-0.100006	-0.135889	-0.18194	-0.244698	-0.319706	-0.401348	-0.488834	-0.574085	-0.644915	-0.688922	-0.696091	-0.670159	-0.630537	-0.601624	-0.590918	-0.577591	-0.54008	-0.469482	-0.3662	-0.23997	-0.107037	0.0221943	0.141346	0.237412	0.298407	0.311015	0.269397	0.17678	0.0467225	-0.0965423	-0.225574	-0.308904	-0.325373	-0.269757	-0.152656	0	
0	-0.163754	-0.29716	-0.376568	-0.40648	-0.404483	-0.37323	-0.294604	-0.168508	-0.0108113	0.160264	0.32572	0.462954	0.550768	0.577684	0.543492	0.474715	0.40662	0.361545	0.344035	0.344752	0.345854	0.336522	0.328145	0.34005	0.377209	0.425891	0.477167	0.535329	0.59955	0.65718	0.708668	0.762824	0.815461	0.850789	0.858666	0.839111	0.804466	0.750278	0.675807	0.600477	0.54965	0.528836	0.53407	0.552458	0.571616	0.578843	0.563475	0.516558	0.434496	0.323567	0.202933	0.092073	0.00274399	-0.0581612	-0.0949653	-0.114623	-0.114635	-0.0904494	-0.0580613	-0.044385	-0.0627693	-0.108013	-0.170373	-0.239693	-0.305763	-0.370395	-0.442794	-0.516748	-0.587744	-0.658698	-0.727036	-0.777688	-0.793246	-0.767614	-0.708818	-0.64465	-0.591495	-0.54681	-0.49707	-0.424936	-0.325694	-0.20223	-0.0627323	0.0820997	0.220774	0.341581	0.43024	0.471991	0.461397	0.39283	0.266853	0.105202	-0.0639918	-0.208307	-0.296554	-0.313552	-0.258226	-0.145081	0	
0	-0.135325	-0.231938	-0.27181	-0.261531	-0.224321	-0.158649	-0.0600767	0.068027	0.203751	0.337176	0.455659	0.54052	0.572123	0.543492	0.467912	0.373364	0.288092	0.2253	0.191418	0.185977	0.197316	0.213217	0.237513	0.283579	0.353971	0.436646	0.51993	0.60314	0.681923	0.746596	0.798738	0.847401	0.888927	0.907656	0.888066	0.833159	0.752873	0.657128	0.554527	0.467416	0.416564	0.404295	0.422457	0.463138	0.513391	0.560989	0.591907	0.592553	0.556733	0.482424	0.382547	0.273893	0.175212	0.0954964	0.0348794	-0.0134185	-0.0437099	-0.0495544	-0.0427585	-0.0494922	-0.0852831	-0.150981	-0.241402	-0.340428	-0.433408	-0.51998	-0.599864	-0.667339	-0.723156	-0.775677	-0.820892	-0.840667	-0.819431	-0.756823	-0.671306	-0.583978	-0.509667	-0.444281	-0.374031	-0.289205	-0.182371	-0.0539434	0.0881462	0.229318	0.354615	0.456278	0.52748	0.556476	0.530144	0.440342	0.292899	0.109245	-0.0770979	-0.229864	-0.320829	-0.333652	-0.271361	-0.15197	0	
0	-0.0904406	-0.140363	-0.135071	-0.0889593	-0.0223689	0.0623658	0.168567	0.286412	0.396519	0.486774	0.548882	0.570947	0.545678	0.474715	0.373364	0.262103	0.16281	0.0905917	0.0557785	0.0596999	0.0886897	0.131535	0.189493	0.270582	0.371744	0.477442	0.578693	0.671867	0.754766	0.820279	0.870854	0.915887	0.952941	0.963658	0.929579	0.846798	0.728026	0.588985	0.452379	0.343549	0.28203	0.268491	0.294205	0.348167	0.420478	0.497241	0.565719	0.612966	0.625044	0.592411	0.519553	0.421959	0.320576	0.231814	0.154855	0.0841493	0.0248188	-0.0114359	-0.0278592	-0.0507254	-0.0998683	-0.179522	-0.280534	-0.390878	-0.49835	-0.595286	-0.674876	-0.734609	-0.778041	-0.811966	-0.830669	-0.81829	-0.764689	-0.675987	-0.570812	-0.465633	-0.374789	-0.300156	-0.234629	-0.159188	-0.0606994	0.0584098	0.184947	0.302312	0.40287	0.482558	0.536203	0.549848	0.51188	0.414417	0.259634	0.0698057	-0.122516	-0.280891	-0.374131	-0.384814	-0.313204	-0.174926	0	
0	-0.0302487	-0.0246084	0.0254638	0.107317	0.195314	0.28846	0.384617	0.484408	0.566438	0.616229	0.619838	0.580482	0.50685	0.40662	0.288092	0.16281	0.0568841	-0.0111721	-0.0290975	-0.00501633	0.0484195	0.121251	0.212547	0.321971	0.437649	0.54629	0.644097	0.730212	0.807716	0.870573	0.924468	0.973074	1.01345	1.02531	0.982855	0.882925	0.733617	0.558252	0.388045	0.251087	0.168751	0.143809	0.166991	0.226884	0.311074	0.407609	0.50626	0.592696	0.649168	0.653205	0.608476	0.528976	0.440353	0.353688	0.265738	0.171809	0.0865259	0.0217986	-0.0222873	-0.0681304	-0.132207	-0.214718	-0.309493	-0.407024	-0.500089	-0.580848	-0.645924	-0.694387	-0.726322	-0.745246	-0.741394	-0.706148	-0.639006	-0.542559	-0.428412	-0.315256	-0.225396	-0.161633	-0.110956	-0.0520704	0.0273958	0.121783	0.217023	0.305241	0.379485	0.436323	0.473159	0.475101	0.432232	0.332506	0.179877	-0.00642864	-0.198599	-0.35618	-0.448728	-0.453212	-0.365694	-0.20426	0	
0	0.0366483	0.0994965	0.194911	0.309393	0.416617	0.508072	0.585932	0.657342	0.709733	0.720666	0.678911	0.59368	0.486676	0.361545	0.2253	0.0905917	-0.0111721	-0.0603891	-0.0534686	-0.00171195	0.0801718	0.182446	0.297329	0.417281	0.529329	0.622609	0.698168	0.761931	0.821691	0.882824	0.946934	1.01162	1.06592	1.08416	1.03965	0.929069	0.761541	0.562788	0.366395	0.203414	0.0943979	0.0481702	0.0569588	0.107981	0.190691	0.295535	0.413447	0.531776	0.623401	0.66507	0.654493	0.605396	0.537007	0.454587	0.351493	0.235016	0.123931	0.0336303	-0.0348447	-0.102891	-0.17622	-0.255422	-0.330661	-0.394984	-0.44749	-0.490503	-0.523459	-0.552558	-0.572753	-0.5792	-0.565841	-0.52951	-0.466062	-0.37026	-0.260666	-0.158305	-0.0863044	-0.0449436	-0.0162131	0.0190196	0.068667	0.1301	0.195362	0.258386	0.314113	0.35602	0.380222	0.372291	0.320191	0.215103	0.0614127	-0.122467	-0.306428	-0.452568	-0.528207	-0.512952	-0.406765	-0.223404	0	
0	0.0997324	0.217704	0.355916	0.501044	0.623093	0.712476	0.768233	0.806383	0.819347	0.796676	0.726509	0.620961	0.49202	0.344035	0.191418	0.0557785	-0.0290975	-0.0534686	-0.0148156	0.0691225	0.180582	0.301291	0.417901	0.527442	0.618497	0.683009	0.72516	0.753831	0.791435	0.848041	0.930096	1.02132	1.10095	1.13705	1.09928	0.989133	0.815783	0.60329	0.386991	0.196747	0.05726	-0.0177517	-0.0322759	0.00103319	0.0731582	0.177766	0.305753	0.441376	0.559293	0.632025	0.661297	0.64906	0.602036	0.518317	0.397128	0.254113	0.119359	0.00670389	-0.0812441	-0.156879	-0.226059	-0.287256	-0.331276	-0.35073	-0.355092	-0.350511	-0.34797	-0.352659	-0.35339	-0.352266	-0.339394	-0.308196	-0.250545	-0.1621	-0.0659506	0.00748989	0.0428743	0.0502288	0.0443186	0.0445446	0.0604208	0.0955787	0.140866	0.190631	0.237618	0.273565	0.291397	0.271825	0.209602	0.0918926	-0.0715492	-0.256366	-0.435558	-0.564032	-0.615335	-0.574522	-0.44248	-0.239862	0	
0	0.151378	0.315725	0.490347	0.658399	0.791626	0.879112	0.917837	0.919271	0.891649	0.838331	0.758499	0.647492	0.508673	0.344752	0.185977	0.0596999	-0.00501633	-0.00171195	0.0691225	0.184692	0.315968	0.435952	0.534658	0.614759	0.672103	0.701859	0.707732	0.706066	0.719753	0.773173	0.871349	0.991561	1.10232	1.16399	1.14529	1.04987	0.883532	0.667442	0.432283	0.214011	0.0394724	-0.0681111	-0.108848	-0.0937923	-0.0308272	0.0719206	0.199873	0.340595	0.468032	0.564909	0.626186	0.644377	0.615151	0.530233	0.39057	0.228497	0.0757938	-0.051653	-0.145079	-0.216104	-0.263243	-0.294726	-0.301643	-0.278213	-0.238131	-0.197145	-0.159923	-0.133501	-0.113875	-0.103659	-0.0923702	-0.0641468	-0.01008	0.0693753	0.139269	0.176837	0.174698	0.138669	0.089631	0.0494115	0.0336527	0.0487276	0.0819338	0.127424	0.173179	0.204938	0.215682	0.188167	0.113535	-0.0172648	-0.191051	-0.381766	-0.556655	-0.675261	-0.70775	-0.643384	-0.490132	-0.261691	0	
0	0.188305	0.38477	0.582357	0.761884	0.898015	0.982313	1.00571	0.978192	0.915879	0.84248	0.756319	0.646891	0.507148	0.345854	0.197316	0.0886897	0.0484195	0.0801718	0.180582	0.315968	0.449241	0.554253	0.620452	0.659594	0.673439	0.664645	0.64	0.612005	0.609321	0.658763	0.770305	0.913827	1.05179	1.14359	1.15599	1.09046	0.946043	0.733743	0.484507	0.238613	0.0299333	-0.11102	-0.17686	-0.175714	-0.116963	-0.0134259	0.112134	0.24469	0.36901	0.47129	0.548129	0.581357	0.558849	0.476936	0.341715	0.179149	0.022177	-0.107861	-0.200375	-0.257538	-0.281884	-0.282596	-0.254377	-0.193369	-0.12243	-0.0490844	0.0222382	0.0802557	0.125674	0.145939	0.163329	0.193385	0.238069	0.293689	0.333519	0.337068	0.299363	0.227806	0.141093	0.0701597	0.0293463	0.0269511	0.0485839	0.0836225	0.122564	0.151869	0.159261	0.125637	0.0473984	-0.090856	-0.272725	-0.468266	-0.649135	-0.766713	-0.794617	-0.722164	-0.549537	-0.294991	0	
0	0.208946	0.418873	0.621406	0.79768	0.925728	0.997305	1.00692	0.962107	0.886244	0.802084	0.711858	0.603301	0.476271	0.336522	0.213217	0.131535	0.121251	0.182446	0.301291	0.435952	0.554253	0.630344	0.657406	0.648835	0.616565	0.57003	0.51508	0.469915	0.459336	0.51184	0.632281	0.788493	0.947357	1.06989	1.12057	1.09248	0.975168	0.775336	0.522604	0.263306	0.0311237	-0.137375	-0.226246	-0.238679	-0.183368	-0.0803936	0.0382018	0.160969	0.272808	0.367016	0.437345	0.467492	0.451885	0.386485	0.269371	0.127842	-0.0123411	-0.134422	-0.220093	-0.269078	-0.27544	-0.253496	-0.199402	-0.113182	-0.015464	0.0862855	0.189824	0.278904	0.345108	0.382286	0.410288	0.439999	0.465728	0.490389	0.49667	0.46958	0.406774	0.310971	0.208135	0.124799	0.0713067	0.0543413	0.0590948	0.0828674	0.111378	0.130515	0.134109	0.101477	0.0212573	-0.122601	-0.312241	-0.515887	-0.703509	-0.831279	-0.862792	-0.785335	-0.60103	-0.32115	0	
0	0.214696	0.421371	0.613056	0.774193	0.882111	0.931856	0.92717	0.881901	0.812031	0.731933	0.641357	0.540643	0.435747	0.328145	0.237513	0.189493	0.212547	0.297329	0.417901	0.534658	0.620452	0.657406	0.638496	0.584109	0.508488	0.424069	0.343839	0.292252	0.289388	0.350657	0.475599	0.639269	0.815568	0.968211	1.05293	1.05509	0.96309	0.783213	0.545272	0.293231	0.0563585	-0.127227	-0.234478	-0.261335	-0.216159	-0.12152	-0.0127927	0.0958552	0.194716	0.275806	0.33252	0.352915	0.338035	0.290477	0.204522	0.0916146	-0.0268497	-0.127869	-0.201285	-0.241487	-0.238586	-0.204555	-0.139691	-0.039973	0.0751897	0.200628	0.32879	0.436679	0.520947	0.572508	0.610933	0.636681	0.643321	0.644164	0.628268	0.57966	0.498456	0.394179	0.290362	0.207888	0.150723	0.130467	0.131774	0.143066	0.160371	0.176701	0.175142	0.131135	0.038274	-0.117133	-0.316026	-0.53086	-0.73322	-0.868891	-0.900704	-0.817472	-0.621277	-0.331454	0	
0	0.208505	0.400841	0.573199	0.711107	0.792267	0.815429	0.800869	0.764737	0.714292	0.650697	0.574775	0.493338	0.415554	0.34005	0.283579	0.270582	0.321971	0.417281	0.527442	0.614759	0.659594	0.648835	0.584109	0.486644	0.370687	0.25347	0.158461	0.114822	0.128011	0.199841	0.330206	0.501922	0.69488	0.868928	0.976663	1.00041	0.933782	0.783454	0.574214	0.346368	0.123649	-0.058043	-0.171756	-0.212617	-0.18684	-0.113246	-0.0245279	0.0707355	0.157123	0.2233	0.263591	0.273751	0.260638	0.225838	0.158154	0.0715642	-0.0165697	-0.0953738	-0.154934	-0.187592	-0.180463	-0.14623	-0.0811063	0.022688	0.148501	0.286078	0.420064	0.532152	0.622279	0.6847	0.730034	0.756798	0.762298	0.759503	0.7357	0.674518	0.586795	0.482705	0.382672	0.306746	0.259545	0.246346	0.249178	0.2655	0.287892	0.29977	0.28189	0.21676	0.104313	-0.0706256	-0.291427	-0.522956	-0.732543	-0.8708	-0.899165	-0.812818	-0.617555	-0.327893	0	
0	0.190741	0.361181	0.508123	0.618161	0.669898	0.670992	0.651982	0.627646	0.598635	0.562777	0.519785	0.470807	0.421942	0.377209	0.353971	0.371744	0.437649	0.529329	0.618497	0.672103	0.673439	0.616565	0.508488	0.370687	0.220915	0.0841905	-0.0123532	-0.0431189	-0.0131226	0.0732427	0.213902	0.393694	0.593462	0.777487	0.900004	0.944754	0.908327	0.793745	0.622809	0.432994	0.244016	0.0842318	-0.0257894	-0.0823296	-0.0863509	-0.0474736	0.0138366	0.0870241	0.155764	0.206843	0.233715	0.235207	0.222485	0.198405	0.150485	0.0861283	0.0187338	-0.0394493	-0.0878957	-0.11791	-0.112183	-0.0819231	-0.0242025	0.0759345	0.203309	0.337626	0.463496	0.569951	0.658828	0.719522	0.763684	0.796664	0.814964	0.824962	0.809276	0.75345	0.669882	0.569938	0.479387	0.417443	0.385327	0.388709	0.410002	0.439234	0.463992	0.466975	0.43115	0.344558	0.20589	0.00329899	-0.238947	-0.480834	-0.689882	-0.822863	-0.849677	-0.769484	-0.586165	-0.312578	0	
0	0.162867	0.304056	0.420378	0.49887	0.524006	0.51138	0.492784	0.477523	0.465864	0.462957	0.463204	0.45414	0.437775	0.425891	0.436646	0.477442	0.54629	0.622609	0.683009	0.701859	0.664645	0.57003	0.424069	0.25347	0.0841905	-0.0597492	-0.15694	-0.182171	-0.137659	-0.0327496	0.119141	0.303619	0.507808	0.701512	0.841692	0.909901	0.904979	0.829654	0.701991	0.558401	0.412266	0.280412	0.176801	0.104434	0.0681302	0.0728684	0.102912	0.146857	0.18676	0.21211	0.22314	0.222692	0.215441	0.202693	0.173577	0.132647	0.0874472	0.0427943	-0.00159323	-0.0338241	-0.0380654	-0.0206421	0.0272681	0.120583	0.239635	0.36242	0.47609	0.573116	0.652085	0.7028	0.742365	0.780326	0.812409	0.836619	0.83457	0.794785	0.729279	0.64894	0.576253	0.532382	0.519346	0.539841	0.579077	0.619721	0.644386	0.638742	0.589794	0.489355	0.332831	0.111421	-0.144211	-0.392307	-0.605904	-0.746276	-0.782107	-0.713231	-0.543871	-0.289241	0	
0	0.128905	0.235455	0.31719	0.364718	0.369853	0.351002	0.336404	0.327828	0.33101	0.357496	0.397905	0.429405	0.450133	0.477167	0.51993	0.578693	0.644097	0.698168	0.72516	0.707732	0.64	0.51508	0.343839	0.158461	-0.0123532	-0.15694	-0.258724	-0.283136	-0.225002	-0.106792	0.0547572	0.250067	0.4701	0.679537	0.8343	0.919108	0.942236	0.90362	0.819377	0.717393	0.608868	0.50261	0.406757	0.322573	0.263298	0.235628	0.22955	0.232984	0.236167	0.237525	0.238494	0.234509	0.230062	0.226829	0.213102	0.189387	0.159814	0.12635	0.088055	0.0550864	0.0435249	0.0504607	0.0839316	0.158363	0.25849	0.363473	0.462872	0.551733	0.618821	0.657409	0.689974	0.730432	0.769089	0.801364	0.817847	0.805072	0.767432	0.71171	0.661277	0.634497	0.635701	0.670701	0.722228	0.76926	0.794627	0.790816	0.743473	0.633533	0.46133	0.232444	-0.0273261	-0.285136	-0.515143	-0.674344	-0.725234	-0.668077	-0.510782	-0.271679	0	
0	0.09953	0.175695	0.228243	0.255655	0.250853	0.233263	0.224339	0.225962	0.241794	0.28632	0.351592	0.414582	0.473429	0.535329	0.60314	0.671867	0.730212	0.761931	0.753831	0.706066	0.612005	0.469915	0.292252	0.114822	-0.0431189	-0.182171	-0.283136	-0.304003	-0.24281	-0.119394	0.053932	0.275266	0.51957	0.741643	0.902162	0.997548	1.0406	1.03106	0.974901	0.899159	0.817894	0.734636	0.649064	0.562545	0.485831	0.429639	0.386696	0.349362	0.320284	0.302772	0.293867	0.284333	0.272432	0.26551	0.259182	0.246467	0.225921	0.202023	0.168771	0.1344	0.117145	0.118639	0.140839	0.19231	0.263857	0.340015	0.416415	0.484089	0.535017	0.570766	0.612854	0.664715	0.713541	0.75861	0.790129	0.798529	0.783204	0.753024	0.726038	0.714015	0.724081	0.760693	0.81114	0.855896	0.889893	0.900198	0.855512	0.743991	0.571232	0.339992	0.0677954	-0.210889	-0.457676	-0.629079	-0.693971	-0.650569	-0.503903	-0.272068	0	
0	0.0779228	0.1321	0.167602	0.187036	0.181841	0.166911	0.166016	0.181094	0.208161	0.25882	0.332361	0.419185	0.509427	0.59955	0.681923	0.754766	0.807716	0.821691	0.791435	0.719753	0.609321	0.459336	0.289388	0.128011	-0.0131226	-0.137659	-0.225002	-0.24281	-0.180393	-0.0497202	0.148939	0.398617	0.660909	0.887815	1.04937	1.14561	1.19453	1.1913	1.14484	1.08175	1.02027	0.955119	0.880443	0.794786	0.709885	0.630475	0.554066	0.48221	0.426659	0.391517	0.371385	0.34859	0.327202	0.319085	0.316846	0.307946	0.291963	0.267264	0.234632	0.203988	0.186943	0.183509	0.190571	0.214579	0.253733	0.300629	0.345798	0.387568	0.424857	0.465342	0.521061	0.586566	0.649486	0.705506	0.749424	0.769902	0.768232	0.754259	0.739604	0.739802	0.761426	0.79957	0.845376	0.892279	0.930469	0.940259	0.89805	0.792822	0.625451	0.387992	0.097628	-0.194117	-0.447062	-0.624533	-0.696697	-0.658222	-0.512207	-0.278571	0	
0	0.0642737	0.10892	0.141173	0.164648	0.163016	0.151974	0.158852	0.187065	0.221445	0.268301	0.341796	0.440412	0.552121	0.65718	0.746596	0.820279	0.870573	0.882824	0.848041	0.773173	0.658763	0.51184	0.350657	0.199841	0.0732427	-0.0327496	-0.106792	-0.119394	-0.0497202	0.102142	0.321133	0.584298	0.853797	1.08489	1.24368	1.33228	1.37139	1.3642	1.31925	1.26031	1.20276	1.13854	1.06345	0.980204	0.892135	0.798224	0.699548	0.602119	0.527097	0.480967	0.450134	0.417988	0.390289	0.379989	0.380375	0.375388	0.361475	0.342081	0.312734	0.277214	0.251888	0.234337	0.215177	0.205427	0.218884	0.242558	0.268228	0.29639	0.330233	0.375301	0.433361	0.499209	0.564347	0.626218	0.673371	0.700132	0.703544	0.69531	0.691565	0.699654	0.723837	0.762633	0.815375	0.870179	0.909646	0.91389	0.869709	0.767692	0.593503	0.347549	0.0581479	-0.230582	-0.482248	-0.66001	-0.728772	-0.678974	-0.521113	-0.280992	0	
0	0.0610277	0.11095	0.155252	0.191596	0.198086	0.194413	0.209101	0.246349	0.280738	0.321629	0.387818	0.486733	0.600868	0.708668	0.798738	0.870854	0.924468	0.946934	0.930096	0.871349	0.770305	0.632281	0.475599	0.330206	0.213902	0.119141	0.0547572	0.053932	0.148939	0.321133	0.546366	0.808913	1.08093	1.30953	1.4537	1.52343	1.54742	1.53178	1.48248	1.41352	1.34018	1.26277	1.18395	1.10279	1.01409	0.911095	0.797014	0.687175	0.607415	0.555941	0.520674	0.483383	0.45292	0.443057	0.448591	0.449164	0.441595	0.421872	0.389611	0.348389	0.301447	0.250429	0.197954	0.16344	0.158025	0.169879	0.184972	0.206953	0.242588	0.289226	0.344783	0.404959	0.465966	0.519847	0.557171	0.576743	0.578568	0.574874	0.571933	0.581814	0.613117	0.663056	0.728765	0.791115	0.828809	0.829321	0.780251	0.662139	0.472097	0.224431	-0.0514929	-0.322822	-0.560386	-0.717845	-0.766115	-0.70094	-0.53102	-0.285486	0	
0	0.0721668	0.143194	0.213653	0.270816	0.294408	0.30537	0.331209	0.370618	0.402044	0.434214	0.488448	0.569127	0.666818	0.762824	0.847401	0.915887	0.973074	1.01162	1.02132	0.991561	0.913827	0.788493	0.639269	0.501922	0.393694	0.303619	0.250067	0.275266	0.398617	0.584298	0.808913	1.06876	1.33447	1.54422	1.66293	1.70791	1.70695	1.66807	1.59549	1.49922	1.40121	1.31119	1.22968	1.15007	1.06317	0.959955	0.846812	0.744122	0.669939	0.620371	0.580994	0.540604	0.510674	0.504263	0.512966	0.517783	0.511134	0.487749	0.447888	0.388556	0.318336	0.237858	0.154656	0.0924767	0.0665638	0.0605742	0.0664163	0.090058	0.129313	0.176369	0.228706	0.286866	0.343961	0.388927	0.413866	0.423142	0.414093	0.400169	0.396183	0.412462	0.454929	0.520627	0.59908	0.666645	0.704154	0.698166	0.634952	0.497044	0.294308	0.0504833	-0.215662	-0.471607	-0.676633	-0.796377	-0.81436	-0.729314	-0.550186	-0.295412	0	
0	0.0964331	0.200096	0.303448	0.389408	0.438163	0.473458	0.510548	0.549946	0.574676	0.596726	0.628638	0.676463	0.741481	0.815461	0.888927	0.952941	1.01345	1.06592	1.10095	1.10232	1.05179	0.947357	0.815568	0.69488	0.593462	0.507808	0.4701	0.51957	0.660909	0.853797	1.08093	1.33447	1.58111	1.76925	1.86415	1.87964	1.83647	1.75182	1.63514	1.49906	1.37221	1.26669	1.17879	1.10238	1.02729	0.941866	0.853433	0.77426	0.714523	0.66557	0.625226	0.584576	0.55465	0.546475	0.553669	0.553749	0.538598	0.507512	0.462383	0.394957	0.301919	0.191746	0.0820422	-0.00451232	-0.0585244	-0.0871508	-0.0921231	-0.0729677	-0.0316473	0.019525	0.0805732	0.146047	0.200895	0.237075	0.250846	0.248348	0.229947	0.211034	0.202764	0.217539	0.26684	0.345135	0.431547	0.504015	0.544791	0.53576	0.460862	0.312245	0.11146	-0.130682	-0.394954	-0.636949	-0.816322	-0.906299	-0.900182	-0.788695	-0.582868	-0.311468	0	
0	0.127534	0.265124	0.402985	0.520191	0.601955	0.663307	0.712471	0.749956	0.767827	0.773772	0.775017	0.781251	0.80732	0.850789	0.907656	0.963658	1.02531	1.08416	1.13705	1.16399	1.14359	1.06989	0.968211	0.868928	0.777487	0.701512	0.679537	0.741643	0.887815	1.08489	1.30953	1.54422	1.76925	1.93983	2.01294	1.99114	1.89826	1.76089	1.59066	1.41021	1.24891	1.12229	1.02856	0.961207	0.905544	0.85224	0.797457	0.74982	0.707579	0.670419	0.637958	0.60386	0.577614	0.568385	0.565966	0.553905	0.527705	0.484655	0.431325	0.353857	0.249993	0.12375	-0.00665219	-0.120651	-0.208255	-0.262852	-0.280451	-0.265967	-0.224123	-0.164463	-0.0909239	-0.0204615	0.0322336	0.063646	0.071951	0.0645918	0.0428039	0.0201475	0.00897345	0.0267499	0.0795881	0.157205	0.242823	0.32152	0.368999	0.358123	0.282364	0.139831	-0.0585409	-0.301635	-0.557384	-0.782544	-0.946719	-1.02546	-0.999687	-0.860189	-0.627783	-0.330377	0	
0	0.154929	0.320175	0.486895	0.635251	0.749191	0.833249	0.892498	0.929527	0.9411	0.926876	0.895025	0.862637	0.849902	0.858666	0.888066	0.929579	0.982855	1.03965	1.09928	1.14529	1.15599	1.12057	1.05293	0.976663	0.900004	0.841692	0.8343	0.902162	1.04937	1.24368	1.4537	1.66293	1.86415	2.01294	2.0552	1.99797	1.86572	1.67787	1.45604	1.22983	1.03362	0.888808	0.794266	0.735744	0.702521	0.682077	0.667464	0.652597	0.635879	0.617844	0.59951	0.577017	0.561287	0.558137	0.555866	0.538697	0.497744	0.44106	0.374263	0.283139	0.16748	0.0323114	-0.108537	-0.241232	-0.353068	-0.429852	-0.466213	-0.46727	-0.428305	-0.36195	-0.279712	-0.203624	-0.155012	-0.128998	-0.122429	-0.131425	-0.147815	-0.16012	-0.157745	-0.131797	-0.0807801	-0.00653963	0.0719013	0.146229	0.191041	0.180379	0.11491	-0.0161262	-0.207565	-0.443038	-0.682736	-0.89436	-1.0527	-1.11779	-1.07315	-0.920502	-0.673882	-0.354592	0	
0	0.172821	0.356705	0.545472	0.720811	0.858869	0.959174	1.02519	1.06577	1.07135	1.03882	0.979254	0.916408	0.870395	0.839111	0.833159	0.846798	0.882925	0.929069	0.989133	1.04987	1.09046	1.09248	1.05509	1.00041	0.944754	0.909901	0.919108	0.997548	1.14561	1.33228	1.52343	1.70791	1.87964	1.99114	1.99797	1.91297	1.74403	1.51148	1.24078	0.977894	0.755896	0.600688	0.5054	0.455401	0.442816	0.461006	0.481222	0.499673	0.511252	0.513192	0.510421	0.50654	0.509728	0.521498	0.525531	0.501565	0.446428	0.371549	0.288313	0.188559	0.0734641	-0.0628534	-0.211723	-0.356715	-0.487526	-0.581721	-0.633731	-0.650839	-0.61969	-0.554937	-0.473953	-0.404185	-0.357574	-0.323804	-0.308189	-0.30539	-0.305508	-0.304371	-0.293218	-0.260778	-0.208167	-0.135251	-0.0571545	0.0105549	0.0465169	0.035543	-0.0276717	-0.150908	-0.327741	-0.547683	-0.772453	-0.974461	-1.12408	-1.17787	-1.12361	-0.96517	-0.710151	-0.373683	0	
0	0.180386	0.373644	0.579046	0.770244	0.92391	1.03109	1.10758	1.15363	1.16014	1.11616	1.03915	0.954173	0.875629	0.804466	0.752873	0.728026	0.733617	0.761541	0.815783	0.883532	0.946043	0.975168	0.96309	0.933782	0.908327	0.904979	0.942236	1.0406	1.19453	1.37139	1.54742	1.70695	1.83647	1.89826	1.86572	1.74403	1.53979	1.26844	0.96965	0.688479	0.456795	0.29707	0.201082	0.156836	0.167028	0.209247	0.256384	0.307156	0.349538	0.382032	0.408345	0.428266	0.448908	0.471771	0.471231	0.436845	0.368646	0.282607	0.192095	0.0941346	-0.012927	-0.146114	-0.298148	-0.449987	-0.590484	-0.701254	-0.776971	-0.814201	-0.797366	-0.746186	-0.677911	-0.609342	-0.552606	-0.501225	-0.459643	-0.432778	-0.411089	-0.397465	-0.381983	-0.348309	-0.297318	-0.221512	-0.139986	-0.0703294	-0.0363541	-0.0510455	-0.118903	-0.253039	-0.430825	-0.637708	-0.852261	-1.03954	-1.16866	-1.21052	-1.14673	-0.976908	-0.713598	-0.373041	0	
0	0.17478	0.367519	0.574684	0.769113	0.921484	1.03434	1.12057	1.18028	1.19385	1.1517	1.06744	0.963875	0.857677	0.750278	0.657128	0.588985	0.558252	0.562788	0.60329	0.667442	0.733743	0.775336	0.783213	0.783454	0.793745	0.829654	0.90362	1.03106	1.1913	1.3642	1.53178	1.66807	1.75182	1.76089	1.67787	1.51148	1.26844	0.974243	0.662407	0.379709	0.151725	-0.00638066	-0.0970937	-0.125124	-0.102555	-0.0478479	0.0195688	0.0980828	0.176577	0.24469	0.298929	0.338581	0.374429	0.404612	0.404559	0.365654	0.29205	0.202552	0.111911	0.0193863	-0.0799287	-0.203854	-0.349268	-0.495514	-0.638002	-0.767091	-0.870908	-0.937084	-0.947158	-0.919432	-0.862679	-0.790078	-0.71808	-0.643287	-0.5765	-0.525838	-0.48618	-0.459599	-0.432688	-0.393726	-0.336016	-0.251449	-0.164753	-0.0957003	-0.0650439	-0.0860876	-0.170104	-0.317324	-0.502402	-0.713675	-0.921747	-1.09335	-1.20045	-1.21999	-1.14161	-0.961882	-0.694292	-0.361014	0	
0	0.153544	0.326978	0.517946	0.693847	0.835506	0.948375	1.04953	1.12594	1.15719	1.12838	1.04519	0.929243	0.802973	0.675807	0.554527	0.452379	0.388045	0.366395	0.386991	0.432283	0.484507	0.522604	0.545272	0.574214	0.622809	0.701991	0.819377	0.974901	1.14484	1.31925	1.48248	1.59549	1.63514	1.59066	1.45604	1.24078	0.96965	0.662407	0.351131	0.0792681	-0.140006	-0.290635	-0.366409	-0.382607	-0.35286	-0.288215	-0.202046	-0.0963781	0.0123773	0.108121	0.177491	0.226157	0.272126	0.312014	0.320366	0.293537	0.232144	0.152069	0.0711255	-0.0083768	-0.0963078	-0.215001	-0.353381	-0.489604	-0.63287	-0.776079	-0.898921	-0.985813	-1.02456	-1.02532	-0.989227	-0.926484	-0.851687	-0.76613	-0.680183	-0.606266	-0.542403	-0.495194	-0.453511	-0.398613	-0.325052	-0.232051	-0.146501	-0.0844005	-0.0606736	-0.0949208	-0.195045	-0.350665	-0.543174	-0.760797	-0.966338	-1.12386	-1.2141	-1.21536	-1.11556	-0.92952	-0.66839	-0.343508	0	
0	0.119047	0.257632	0.413735	0.56175	0.687597	0.803734	0.919976	1.01777	1.07194	1.06333	0.987832	0.866293	0.732937	0.600477	0.467416	0.343549	0.251087	0.203414	0.196747	0.214011	0.238613	0.263306	0.293231	0.346368	0.432994	0.558401	0.717393	0.899159	1.08175	1.26031	1.41352	1.49922	1.49906	1.41021	1.22983	0.977894	0.688479	0.379709	0.0792681	-0.181387	-0.3904	-0.529777	-0.591378	-0.594203	-0.551554	-0.470623	-0.364342	-0.240176	-0.112347	-0.00952311	0.0571409	0.108006	0.159143	0.206066	0.23175	0.226484	0.189314	0.141439	0.084891	0.0176077	-0.062549	-0.172129	-0.302015	-0.434873	-0.58049	-0.733223	-0.871287	-0.975715	-1.03657	-1.0644	-1.05172	-1.00442	-0.943409	-0.862599	-0.765398	-0.670677	-0.583884	-0.511195	-0.439971	-0.362722	-0.280739	-0.186847	-0.104882	-0.0544663	-0.0447904	-0.0955936	-0.212331	-0.372207	-0.562371	-0.777224	-0.972842	-1.11548	-1.19874	-1.19599	-1.08907	-0.902655	-0.648869	-0.33427	0	
0	0.0716088	0.15965	0.269184	0.386858	0.500705	0.621074	0.751237	0.87059	0.949548	0.96624	0.908548	0.798775	0.673961	0.54965	0.416564	0.28203	0.168751	0.0943979	0.05726	0.0394724	0.0299333	0.0311237	0.0563585	0.123649	0.244016	0.412266	0.608868	0.817894	1.02027	1.20276	1.34018	1.40121	1.37221	1.24891	1.03362	0.755896	0.456795	0.151725	-0.140006	-0.3904	-0.586367	-0.711502	-0.756893	-0.74136	-0.677755	-0.580665	-0.462937	-0.327043	-0.195495	-0.101618	-0.0401086	0.00505063	0.0523221	0.106952	0.150766	0.169397	0.165991	0.153056	0.127838	0.0879502	0.0259865	-0.0702255	-0.187539	-0.316344	-0.471277	-0.639759	-0.795176	-0.921726	-1.00963	-1.05846	-1.06364	-1.03778	-0.99408	-0.919774	-0.822878	-0.719978	-0.612386	-0.513731	-0.420245	-0.321687	-0.22219	-0.12418	-0.044063	-0.00452277	-0.0174655	-0.0858451	-0.212489	-0.382807	-0.57407	-0.776901	-0.959666	-1.09058	-1.16786	-1.16802	-1.0685	-0.88948	-0.641477	-0.333077	0	
0	0.0130533	0.0399065	0.0984321	0.189231	0.294646	0.416113	0.553772	0.689609	0.791184	0.83633	0.812565	0.735592	0.637258	0.528836	0.404295	0.268491	0.143809	0.0481702	-0.0177517	-0.0681111	-0.11102	-0.137375	-0.127227	-0.058043	0.0842318	0.280412	0.50261	0.734636	0.955119	1.13854	1.26277	1.31119	1.26669	1.12229	0.888808	0.600688	0.29707	-0.00638066	-0.290635	-0.529777	-0.711502	-0.822584	-0.854132	-0.819623	-0.744476	-0.639155	-0.509163	-0.367374	-0.244639	-0.159185	-0.103239	-0.0661791	-0.0243091	0.0333216	0.0841274	0.118277	0.147142	0.171737	0.184031	0.175989	0.144234	0.0799001	-0.0222837	-0.156944	-0.320061	-0.501201	-0.676015	-0.821233	-0.929924	-1.00183	-1.03349	-1.03453	-1.00851	-0.945623	-0.851106	-0.741429	-0.630717	-0.522627	-0.413041	-0.295937	-0.177847	-0.0710285	0.0138327	0.0519777	0.0263136	-0.0568434	-0.19075	-0.369569	-0.567206	-0.761579	-0.940091	-1.07597	-1.15093	-1.14884	-1.05959	-0.89044	-0.641614	-0.33187	0	
0	-0.0500114	-0.086259	-0.0760518	-0.00965299	0.0860227	0.200275	0.336888	0.481174	0.60082	0.678153	0.702617	0.678835	0.61906	0.53407	0.422457	0.294205	0.166991	0.0569588	-0.0322759	-0.108848	-0.17686	-0.226246	-0.234478	-0.171756	-0.0257894	0.176801	0.406757	0.649064	0.880443	1.06345	1.18395	1.22968	1.17879	1.02856	0.794266	0.5054	0.201082	-0.0970937	-0.366409	-0.591378	-0.756893	-0.854132	-0.874703	-0.838367	-0.76491	-0.657965	-0.521583	-0.387122	-0.272568	-0.190074	-0.136103	-0.100753	-0.0583176	-0.00484814	0.0416235	0.0823449	0.130837	0.187498	0.241364	0.272525	0.269338	0.230439	0.142844	0.0116378	-0.14503	-0.323133	-0.503476	-0.661195	-0.792069	-0.89101	-0.95809	-0.995128	-0.993123	-0.948238	-0.864175	-0.758879	-0.649145	-0.533111	-0.413337	-0.290076	-0.159654	-0.0350639	0.0588278	0.101455	0.0762969	-0.0137333	-0.154707	-0.340964	-0.547009	-0.749779	-0.935373	-1.07699	-1.15179	-1.14304	-1.05025	-0.878055	-0.627496	-0.323556	0	
