0	0	0	0	0	0	0	0	0	0	0	0	0	0	0	0	0	0	0	0	0	0	0	0	0	0	0	0	0	0	0	0	0	0	0	0	0	0	0	0	0	0	0	0	0	0	0	0	0	0	0	0	0	0	0	0	0	0	0	0	0	0	0	0	0	0	0	0	0	0	0	0	0	0	0	0	0	0	0	0	0	0	0	0	0	0	0	0	0	0	0	0	0	0	0	0	0	0	0	0	
0	-0.000980374	-0.0018307	-0.00332644	-0.00429878	-0.00685071	-0.00915247	-0.0129008	-0.0181399	-0.0231142	-0.0299283	-0.0348216	-0.0372571	-0.0357242	-0.027294	-0.0119197	0.00775981	0.0305345	0.050438	0.0609138	0.0639277	0.0542675	0.0398483	0.0217135	0.00583323	-0.00948626	-0.0230197	-0.0339885	-0.0396488	-0.0397533	-0.0299232	-0.0164461	-0.00539062	0.000159635	-0.000463624	-0.00249104	-0.00576801	-0.0104568	-0.0150597	-0.0128457	-0.00648987	-0.00174008	-0.00115921	-0.00359796	-0.00894541	-0.00863622	-0.00452217	-0.00339641	-0.00259974	-0.00207323	-0.00445142	-0.00675255	-0.00389103	-0.00130648	-0.000957014	-0.00376283	-0.00490259	-0.00242213	-0.000260643	-0.0010283	-0.00155189	-0.00190125	0.000236893	0.00270273	0.00385609	0.00343001	0.00679732	0.0148127	0.0189102	0.0214204	0.0281652	0.0353047	0.0336603	0.0253072	0.0133197	-0.00271913	-0.0252874	-0.0496962	-0.0643301	-0.0699191	-0.0642309	-0.0506313	-0.0371328	-0.0205709	-0.00290019	0.0130937	0.0242745	0.0287764	0.0307943	0.0278387	0.0166985	0.0029686	-0.00509765	-0.00865481	-0.0104469	-0.00475953	0.00515827	0.0116752	0.0111668	0	
0	-0.0018307	-0.00011859	-0.00555492	-0.00489119	-0.0115114	-0.0170827	-0.0248434	-0.0375781	-0.0480682	-0.0630944	-0.072267	-0.0781638	-0.0735078	-0.0556654	-0.0264752	0.0148027	0.0586635	0.0952894	0.118432	0.122241	0.102877	0.0774987	0.0427239	0.00835864	-0.0188715	-0.0487812	-0.0720284	-0.0840055	-0.0814521	-0.061857	-0.0348626	-0.0161366	-0.00260273	-0.00226223	-0.00827417	-0.0175551	-0.0228683	-0.030786	-0.0290449	-0.0184102	-0.00682734	-0.00451491	-0.0104621	-0.0212465	-0.0201595	-0.011722	-0.00905454	-0.00781671	-0.00528185	-0.0109313	-0.0129481	-0.0091614	-0.00172602	-0.00208182	-0.00649008	-0.00857056	-0.00505611	0.000649728	-0.00312365	-0.00308394	-0.00535986	-0.00129633	0.00369236	0.00540586	0.00578672	0.0127497	0.0297537	0.0380819	0.0448721	0.0576356	0.0709132	0.0684442	0.0487925	0.0257317	-0.00640933	-0.0531202	-0.0976746	-0.127216	-0.138994	-0.125093	-0.101283	-0.0762839	-0.04188	-0.00785253	0.0245999	0.0493794	0.0591422	0.0624313	0.0543655	0.0319238	0.0074776	-0.00905966	-0.0192712	-0.0212622	-0.00679225	0.0114426	0.0211846	0.0198334	0	
0	-0.00332644	-0.00555492	-0.0108929	-0.0139727	-0.0219801	-0.029977	-0.0414285	-0.0578998	-0.0735865	-0.0940905	-0.109091	-0.117055	-0.112242	-0.0877075	-0.0432387	0.0158542	0.0820019	0.140689	0.17317	0.181518	0.154161	0.112309	0.0586663	0.00999068	-0.0351819	-0.076636	-0.109948	-0.127329	-0.126466	-0.0987074	-0.0599064	-0.027436	-0.00946057	-0.0102129	-0.0161529	-0.0264625	-0.0391488	-0.0521554	-0.0461975	-0.0288457	-0.0138334	-0.0113261	-0.0181498	-0.0330672	-0.031992	-0.020584	-0.0165987	-0.0135298	-0.0118062	-0.0182586	-0.0235703	-0.0162684	-0.00805087	-0.00685347	-0.013599	-0.0170195	-0.0103899	-0.00348315	-0.0055342	-0.00662781	-0.00779384	-0.00144482	0.00608461	0.00933038	0.00932738	0.019929	0.0425705	0.0555441	0.0645637	0.0839415	0.104203	0.0999585	0.0753573	0.0402021	-0.00810136	-0.075128	-0.145879	-0.190741	-0.207804	-0.191271	-0.153473	-0.113144	-0.0628176	-0.010186	0.0371671	0.070936	0.0860196	0.0918192	0.0822782	0.0507302	0.0111917	-0.0142877	-0.026118	-0.0303795	-0.0133036	0.0150908	0.0332811	0.0310597	0	
0	-0.00429878	-0.00489119	-0.0139727	-0.0163197	-0.0291128	-0.0404908	-0.0577478	-0.0815564	-0.104379	-0.133442	-0.153545	-0.16536	-0.158322	-0.124634	-0.0674393	0.01178	0.0987751	0.172053	0.217956	0.226474	0.191356	0.138517	0.0701199	0.00322048	-0.0540378	-0.112076	-0.157106	-0.182553	-0.180359	-0.143218	-0.0911047	-0.0514133	-0.025985	-0.0240075	-0.0342244	-0.0497836	-0.062587	-0.0765955	-0.0733647	-0.0527363	-0.0312521	-0.0249344	-0.0353068	-0.0540472	-0.0522402	-0.037703	-0.0310383	-0.0272364	-0.0230621	-0.0318017	-0.0354441	-0.027669	-0.0151892	-0.0132219	-0.0203789	-0.024285	-0.0168557	-0.00708849	-0.0102385	-0.0114509	-0.0139336	-0.00559963	0.00352327	0.00821421	0.0096736	0.0243294	0.055011	0.0723652	0.0877866	0.112993	0.137424	0.133719	0.099047	0.0524481	-0.0116331	-0.101866	-0.191484	-0.251097	-0.274223	-0.251181	-0.205001	-0.152919	-0.0859067	-0.0175202	0.0458997	0.0926197	0.115075	0.124094	0.109209	0.0662203	0.0167762	-0.0172599	-0.036179	-0.0397025	-0.0140674	0.0209497	0.0404132	0.036447	0	
0	-0.00685071	-0.0115114	-0.0219801	-0.0291128	-0.0436435	-0.0598029	-0.0808498	-0.109676	-0.138887	-0.173399	-0.199714	-0.215129	-0.207215	-0.169032	-0.0991812	-0.00241196	0.102784	0.197173	0.253532	0.266451	0.225607	0.158988	0.0726581	-0.0104734	-0.0849097	-0.155211	-0.21163	-0.242457	-0.239012	-0.197285	-0.137059	-0.0848831	-0.0523786	-0.0499933	-0.0587663	-0.076416	-0.0947783	-0.113476	-0.105726	-0.0810329	-0.0551294	-0.0483147	-0.0581156	-0.0788938	-0.0771122	-0.0608008	-0.0521925	-0.0453417	-0.0418964	-0.050061	-0.0547659	-0.0452907	-0.0312212	-0.0275768	-0.0346501	-0.0392271	-0.0301511	-0.0179813	-0.0194086	-0.0204045	-0.0212813	-0.0112451	0.00150234	0.00714411	0.0106198	0.0297826	0.063527	0.0871404	0.106606	0.137054	0.167201	0.162469	0.123991	0.0671451	-0.0133374	-0.122502	-0.234216	-0.310552	-0.340163	-0.315637	-0.259793	-0.193192	-0.108867	-0.0218976	0.0550397	0.111444	0.141426	0.151477	0.134247	0.0861197	0.0247576	-0.0202236	-0.0428234	-0.0473754	-0.019662	0.0234801	0.0500613	0.0445699	0	
0	-0.00915247	-0.0170827	-0.029977	-0.0404908	-0.0598029	-0.0796478	-0.108167	-0.143092	-0.180946	-0.223249	-0.257328	-0.275938	-0.26957	-0.224351	-0.142527	-0.0302407	0.0960072	0.205285	0.274109	0.288381	0.243552	0.162968	0.0626422	-0.0354848	-0.125177	-0.209827	-0.275879	-0.315608	-0.316774	-0.267457	-0.194808	-0.131949	-0.0952587	-0.0889314	-0.100862	-0.119259	-0.140392	-0.15794	-0.153928	-0.125616	-0.0957961	-0.0837007	-0.0953322	-0.116877	-0.114986	-0.0975849	-0.0851261	-0.0765722	-0.07154	-0.0789895	-0.0824442	-0.0713475	-0.0556909	-0.0486198	-0.054567	-0.0590824	-0.0476935	-0.0348813	-0.0326794	-0.0344255	-0.0342039	-0.0213641	-0.00826718	0.000846424	0.00671535	0.0298742	0.0693343	0.0978402	0.124966	0.161847	0.194434	0.191427	0.148569	0.0798699	-0.0161828	-0.144636	-0.276711	-0.367989	-0.403016	-0.377626	-0.313459	-0.232282	-0.134101	-0.0318545	0.0599186	0.126396	0.16559	0.182623	0.163241	0.104186	0.0309729	-0.0225263	-0.0497131	-0.0532219	-0.0207545	0.026942	0.0547832	0.0469624	0	
0	-0.0129008	-0.0248434	-0.0414285	-0.0577478	-0.0808498	-0.108167	-0.142956	-0.185039	-0.232145	-0.281464	-0.321999	-0.346919	-0.338572	-0.290785	-0.199447	-0.0710499	0.0697109	0.195675	0.276538	0.295071	0.246818	0.15722	0.0428168	-0.0740792	-0.17956	-0.27772	-0.357461	-0.404026	-0.400294	-0.348958	-0.271959	-0.201368	-0.154908	-0.144501	-0.153957	-0.176567	-0.200226	-0.220309	-0.213896	-0.184729	-0.150179	-0.136116	-0.146506	-0.167074	-0.165579	-0.147404	-0.132095	-0.120253	-0.114366	-0.11991	-0.120954	-0.10995	-0.0914968	-0.0819145	-0.0855671	-0.0881044	-0.077094	-0.0604517	-0.0567659	-0.0567193	-0.0536354	-0.040373	-0.0228157	-0.0123465	-0.00137262	0.0274565	0.0689134	0.105461	0.140105	0.181418	0.217488	0.21541	0.169027	0.0919627	-0.0195832	-0.165957	-0.313607	-0.420864	-0.464749	-0.439085	-0.370005	-0.277549	-0.161838	-0.0415169	0.0629215	0.141463	0.191202	0.20849	0.184745	0.122977	0.0438501	-0.0206011	-0.0556543	-0.059174	-0.0238521	0.0282454	0.0596547	0.0501272	0	
0	-0.0181399	-0.0375781	-0.0578998	-0.0815564	-0.109676	-0.143092	-0.185039	-0.233882	-0.289918	-0.346454	-0.396868	-0.425521	-0.421476	-0.37087	-0.269763	-0.129901	0.0288284	0.171268	0.263713	0.28604	0.237417	0.134074	0.00532803	-0.124668	-0.246962	-0.357438	-0.446178	-0.500307	-0.50503	-0.45161	-0.365383	-0.281507	-0.231389	-0.216932	-0.227316	-0.24786	-0.274726	-0.293835	-0.29021	-0.258853	-0.22233	-0.204119	-0.213158	-0.23127	-0.23074	-0.213098	-0.194241	-0.179664	-0.173309	-0.175149	-0.175228	-0.162496	-0.143732	-0.130291	-0.130634	-0.131738	-0.117771	-0.100836	-0.0915103	-0.0896914	-0.0829193	-0.0664346	-0.0475715	-0.0324762	-0.0161633	0.0164777	0.0611269	0.104421	0.147136	0.195146	0.233629	0.234088	0.189333	0.103133	-0.023655	-0.184674	-0.351314	-0.474543	-0.52507	-0.50358	-0.427399	-0.318739	-0.189976	-0.0553383	0.0618273	0.149522	0.209258	0.234942	0.213504	0.144374	0.052999	-0.0207742	-0.0589791	-0.061042	-0.0249506	0.0284369	0.0608863	0.0495171	0	
0	-0.0231142	-0.0480682	-0.0735865	-0.104379	-0.138887	-0.180946	-0.232145	-0.289918	-0.3573	-0.422514	-0.481225	-0.516111	-0.512726	-0.459852	-0.351289	-0.199584	-0.0270355	0.127736	0.232361	0.259912	0.211549	0.101899	-0.0362641	-0.183312	-0.32166	-0.446103	-0.548708	-0.610852	-0.614123	-0.559103	-0.470451	-0.38211	-0.32467	-0.3019	-0.30993	-0.332798	-0.362209	-0.380814	-0.379207	-0.34811	-0.310003	-0.288851	-0.296382	-0.311102	-0.311767	-0.295119	-0.273278	-0.257031	-0.24863	-0.247133	-0.243929	-0.230944	-0.210481	-0.193524	-0.190327	-0.187139	-0.172863	-0.153734	-0.141408	-0.136476	-0.125441	-0.108103	-0.0863851	-0.0670762	-0.0432583	-0.00528575	0.0432804	0.0953469	0.148458	0.202686	0.242891	0.246692	0.20125	0.10775	-0.0323509	-0.208085	-0.386371	-0.5226	-0.583096	-0.565092	-0.485825	-0.367633	-0.224743	-0.0741645	0.0566228	0.158288	0.229803	0.258701	0.234275	0.16143	0.0676372	-0.0135959	-0.0609302	-0.0636388	-0.0260634	0.0271059	0.060057	0.0483065	0	
0	-0.0299283	-0.0630944	-0.0940905	-0.133442	-0.173399	-0.223249	-0.281464	-0.346454	-0.422514	-0.495548	-0.561912	-0.604246	-0.602866	-0.551645	-0.436411	-0.275302	-0.0897561	0.0807821	0.197091	0.232393	0.185244	0.0681883	-0.0820422	-0.243314	-0.397661	-0.532934	-0.646831	-0.716568	-0.725025	-0.674086	-0.582097	-0.485257	-0.420105	-0.393433	-0.398507	-0.421956	-0.451918	-0.471916	-0.471029	-0.44208	-0.404222	-0.382068	-0.386333	-0.396469	-0.400215	-0.384901	-0.362635	-0.344486	-0.336174	-0.330846	-0.326354	-0.313619	-0.293067	-0.274435	-0.267941	-0.260293	-0.245629	-0.224831	-0.209241	-0.19947	-0.182105	-0.163802	-0.137971	-0.113702	-0.0819886	-0.0389144	0.0116728	0.072817	0.135069	0.19543	0.239762	0.247584	0.206118	0.108855	-0.0435962	-0.231125	-0.421942	-0.57248	-0.644051	-0.631982	-0.547507	-0.416937	-0.260325	-0.0955026	0.0462586	0.159673	0.242598	0.278209	0.257256	0.182591	0.0822331	-0.00773629	-0.0605947	-0.0628608	-0.0263286	0.0243867	0.05649	0.0445403	0	
0	-0.0348216	-0.072267	-0.109091	-0.153545	-0.199714	-0.257328	-0.321999	-0.396868	-0.481225	-0.561912	-0.638458	-0.682575	-0.686905	-0.632211	-0.511601	-0.342237	-0.144119	0.038558	0.166192	0.209043	0.166693	0.0458236	-0.11214	-0.285967	-0.455207	-0.605773	-0.731358	-0.806908	-0.82333	-0.774395	-0.680761	-0.579115	-0.511318	-0.475592	-0.479594	-0.501162	-0.533799	-0.553027	-0.557935	-0.531156	-0.495793	-0.473806	-0.475699	-0.483457	-0.488804	-0.477849	-0.455254	-0.439015	-0.429918	-0.421765	-0.416811	-0.403998	-0.38469	-0.365751	-0.355559	-0.344859	-0.328198	-0.309142	-0.291439	-0.276152	-0.256064	-0.234848	-0.208995	-0.1785	-0.137518	-0.0918978	-0.034194	0.0354643	0.10751	0.177082	0.224015	0.236535	0.199334	0.0978191	-0.0648932	-0.261353	-0.461281	-0.622861	-0.704004	-0.699044	-0.612581	-0.471323	-0.303731	-0.127619	0.0297904	0.159262	0.251786	0.294742	0.277917	0.199818	0.096225	0.00253993	-0.0562692	-0.0604696	-0.0263054	0.0194727	0.0499184	0.0400422	0	
0	-0.0372571	-0.0781638	-0.117055	-0.16536	-0.215129	-0.275938	-0.346919	-0.425521	-0.516111	-0.604246	-0.682575	-0.735706	-0.737695	-0.684709	-0.559079	-0.381464	-0.172764	0.0218763	0.161688	0.215287	0.176351	0.0552816	-0.108699	-0.295907	-0.480923	-0.641995	-0.781024	-0.868013	-0.886531	-0.841882	-0.751696	-0.651784	-0.5752	-0.534221	-0.531958	-0.555975	-0.589263	-0.61198	-0.617616	-0.59614	-0.56666	-0.547259	-0.54757	-0.550999	-0.561789	-0.553878	-0.536458	-0.522433	-0.514766	-0.506303	-0.501878	-0.491869	-0.47535	-0.458962	-0.449065	-0.433547	-0.419538	-0.401715	-0.384446	-0.365936	-0.339675	-0.320947	-0.292404	-0.25638	-0.209927	-0.158314	-0.0972828	-0.0191886	0.0631908	0.138516	0.191598	0.210014	0.176122	0.0749901	-0.0943836	-0.300116	-0.505854	-0.675896	-0.770945	-0.772378	-0.681456	-0.533965	-0.355489	-0.164896	0.00562427	0.150405	0.256692	0.306422	0.291181	0.214493	0.113504	0.0165493	-0.0496983	-0.0575697	-0.0270125	0.0132258	0.0417173	0.0346836	0	
0	-0.0357242	-0.0735078	-0.112242	-0.158322	-0.207215	-0.26957	-0.338572	-0.421476	-0.512726	-0.602866	-0.686905	-0.737695	-0.744357	-0.687442	-0.558299	-0.373518	-0.155717	0.052414	0.202731	0.268047	0.2359	0.116412	-0.0549165	-0.253103	-0.450388	-0.627861	-0.777802	-0.868713	-0.899736	-0.866163	-0.777883	-0.67463	-0.59551	-0.54932	-0.545387	-0.567963	-0.600822	-0.625066	-0.636071	-0.622398	-0.598469	-0.584722	-0.58261	-0.587138	-0.59969	-0.599302	-0.587402	-0.579762	-0.574752	-0.567939	-0.567272	-0.560452	-0.549653	-0.540156	-0.531005	-0.51613	-0.503504	-0.491568	-0.478417	-0.455656	-0.430343	-0.411144	-0.38434	-0.344982	-0.291758	-0.240101	-0.172669	-0.0879641	-0.000247008	0.0836262	0.141773	0.164415	0.136605	0.0363039	-0.138006	-0.347863	-0.558604	-0.738052	-0.84386	-0.85248	-0.76123	-0.604204	-0.414576	-0.215208	-0.028158	0.135123	0.249679	0.307758	0.303802	0.230585	0.127358	0.0283971	-0.0403515	-0.0518509	-0.0266828	0.00618683	0.0302537	0.0263659	0	
0	-0.027294	-0.0556654	-0.0877075	-0.124634	-0.169032	-0.224351	-0.290785	-0.37087	-0.459852	-0.551645	-0.632211	-0.684709	-0.687442	-0.626287	-0.492629	-0.298613	-0.0719926	0.145567	0.307948	0.382953	0.358429	0.243018	0.0697067	-0.137393	-0.349042	-0.541357	-0.704619	-0.810554	-0.848852	-0.817991	-0.737808	-0.643452	-0.561658	-0.509885	-0.499718	-0.520317	-0.555166	-0.584516	-0.598611	-0.590711	-0.576848	-0.570309	-0.569485	-0.573112	-0.589692	-0.595799	-0.594032	-0.593906	-0.593349	-0.59143	-0.595104	-0.593906	-0.590444	-0.590563	-0.585774	-0.572819	-0.564382	-0.561134	-0.554099	-0.533331	-0.509695	-0.49524	-0.473403	-0.432316	-0.380517	-0.32746	-0.256378	-0.168607	-0.0743784	0.0141144	0.0786916	0.1061	0.0795129	-0.0191687	-0.196064	-0.411371	-0.624651	-0.809122	-0.925633	-0.94024	-0.847563	-0.686766	-0.491454	-0.280572	-0.0745761	0.107466	0.236913	0.305156	0.30421	0.23462	0.13964	0.0453905	-0.0263992	-0.0457748	-0.0302007	-0.00531217	0.0186836	0.021475	0	
0	-0.0119197	-0.0264752	-0.0432387	-0.0674393	-0.0991812	-0.142527	-0.199447	-0.269763	-0.351289	-0.436411	-0.511601	-0.559079	-0.558299	-0.492629	-0.354266	-0.154842	0.0798418	0.307892	0.480759	0.569428	0.553552	0.442993	0.266241	0.0487255	-0.17705	-0.384813	-0.560437	-0.675484	-0.7255	-0.710501	-0.641098	-0.549883	-0.466026	-0.411455	-0.396988	-0.417484	-0.452222	-0.481592	-0.497921	-0.499966	-0.496729	-0.496794	-0.496403	-0.50131	-0.519292	-0.532629	-0.540916	-0.549529	-0.554577	-0.559148	-0.56906	-0.573569	-0.581049	-0.592404	-0.596526	-0.58865	-0.587372	-0.595756	-0.598133	-0.583683	-0.56479	-0.55749	-0.541704	-0.503463	-0.45591	-0.404499	-0.333439	-0.245989	-0.153035	-0.0628164	0.00525459	0.0335456	0.00839615	-0.089182	-0.265389	-0.483042	-0.700059	-0.890717	-1.01925	-1.04154	-0.949694	-0.785129	-0.581459	-0.358612	-0.134905	0.0651694	0.206649	0.284044	0.295587	0.23903	0.149549	0.0571529	-0.0148895	-0.0411714	-0.0331785	-0.014058	0.00483245	0.0101218	0	
0	0.00775981	0.0148027	0.0158542	0.01178	-0.00241196	-0.0302407	-0.0710499	-0.129901	-0.199584	-0.275302	-0.342237	-0.381464	-0.373518	-0.298613	-0.154842	0.0560141	0.296251	0.534314	0.717766	0.815782	0.809109	0.707407	0.529176	0.305443	0.0687243	-0.158537	-0.349791	-0.480399	-0.543328	-0.538157	-0.480668	-0.400649	-0.320054	-0.26425	-0.244951	-0.260093	-0.291499	-0.325779	-0.345897	-0.355066	-0.35811	-0.36801	-0.370181	-0.376835	-0.392574	-0.412539	-0.431108	-0.448141	-0.459553	-0.471264	-0.485926	-0.497306	-0.513449	-0.538309	-0.549853	-0.550217	-0.555951	-0.575431	-0.590818	-0.584135	-0.576115	-0.577461	-0.571694	-0.543148	-0.504525	-0.459508	-0.392083	-0.309143	-0.220821	-0.132212	-0.0622131	-0.0359751	-0.0655187	-0.16414	-0.343273	-0.565456	-0.785464	-0.984477	-1.12108	-1.14814	-1.06273	-0.898096	-0.691037	-0.460321	-0.216119	0.00550498	0.163273	0.252249	0.272401	0.227364	0.149517	0.0665694	-0.00141703	-0.0353968	-0.04079	-0.0300197	-0.00962241	0.003599	0	
0	0.0305345	0.0586635	0.0820019	0.0987751	0.102784	0.0960072	0.0697109	0.0288284	-0.0270355	-0.0897561	-0.144119	-0.172764	-0.155717	-0.0719926	0.0798418	0.296251	0.546636	0.791714	0.988104	1.09665	1.10498	1.00831	0.833073	0.604123	0.352479	0.109076	-0.0940869	-0.242179	-0.320397	-0.329524	-0.289596	-0.220309	-0.145994	-0.0879465	-0.0632885	-0.073365	-0.108583	-0.139334	-0.159308	-0.17202	-0.188701	-0.203156	-0.208597	-0.212309	-0.225586	-0.248821	-0.274287	-0.297753	-0.313954	-0.331562	-0.349111	-0.364365	-0.390033	-0.423798	-0.445514	-0.454167	-0.466408	-0.49898	-0.523533	-0.531846	-0.533364	-0.544448	-0.551055	-0.532192	-0.508306	-0.470137	-0.410237	-0.338124	-0.258869	-0.177586	-0.112741	-0.092635	-0.129614	-0.235067	-0.415717	-0.64201	-0.871773	-1.07929	-1.22615	-1.26559	-1.18709	-1.02553	-0.819485	-0.576618	-0.313437	-0.0772053	0.0964618	0.198932	0.231952	0.204978	0.141442	0.0689879	0.00617582	-0.0363221	-0.0532013	-0.0454043	-0.0238024	-0.00631363	0	
0	0.050438	0.0952894	0.140689	0.172053	0.197173	0.205285	0.195675	0.171268	0.127736	0.0807821	0.038558	0.0218763	0.052414	0.145567	0.307892	0.534314	0.791714	1.04785	1.25466	1.37759	1.39897	1.31687	1.14704	0.91671	0.654755	0.397239	0.173983	0.0103602	-0.0797593	-0.106109	-0.085706	-0.0295461	0.0366742	0.0920579	0.119679	0.1136	0.0857503	0.0566623	0.0343557	0.0144177	-0.00504403	-0.024804	-0.0341881	-0.0365681	-0.0429813	-0.0653591	-0.0952866	-0.121183	-0.14241	-0.161783	-0.179457	-0.196423	-0.226771	-0.266383	-0.295158	-0.31003	-0.328511	-0.366533	-0.401332	-0.421707	-0.432945	-0.454393	-0.468751	-0.466173	-0.455195	-0.425545	-0.378919	-0.317135	-0.251714	-0.181912	-0.125258	-0.116812	-0.166462	-0.282051	-0.469994	-0.704722	-0.944743	-1.16615	-1.32529	-1.3758	-1.31337	-1.16448	-0.961094	-0.710757	-0.433914	-0.179834	0.0126862	0.125528	0.16973	0.164081	0.119996	0.0604083	0.00427352	-0.0423098	-0.0683313	-0.0645979	-0.0415415	-0.0181079	0	
0	0.0609138	0.118432	0.17317	0.217956	0.253532	0.274109	0.276538	0.263713	0.232361	0.197091	0.166192	0.161688	0.202731	0.307948	0.480759	0.717766	0.988104	1.25466	1.47933	1.61657	1.65818	1.59071	1.43248	1.20569	0.940598	0.670414	0.437636	0.256801	0.149044	0.104666	0.109977	0.149481	0.202339	0.253843	0.285009	0.285508	0.259057	0.231663	0.209556	0.190202	0.163577	0.137874	0.12383	0.126556	0.127513	0.107257	0.079154	0.0514992	0.0294419	0.0092451	-0.00334867	-0.0200622	-0.0498102	-0.0896762	-0.121613	-0.139831	-0.16001	-0.198444	-0.237749	-0.267024	-0.286526	-0.311843	-0.334311	-0.344656	-0.344715	-0.325563	-0.28989	-0.242317	-0.1897	-0.131962	-0.0897522	-0.0926952	-0.156854	-0.287792	-0.486137	-0.732496	-0.990098	-1.23051	-1.40373	-1.47259	-1.43173	-1.29829	-1.10501	-0.853199	-0.56661	-0.302462	-0.0967016	0.0308312	0.0913985	0.105207	0.0802519	0.0381534	-0.00716706	-0.0569219	-0.0933983	-0.0907514	-0.058464	-0.025929	0	
0	0.0639277	0.122241	0.181518	0.226474	0.266451	0.288381	0.295071	0.28604	0.259912	0.232393	0.209043	0.215287	0.268047	0.382953	0.569428	0.815782	1.09665	1.37759	1.61657	1.77367	1.8418	1.79669	1.65975	1.44762	1.1807	0.907373	0.66094	0.467922	0.350489	0.29273	0.276772	0.300345	0.338206	0.384314	0.415836	0.420536	0.39713	0.374758	0.353108	0.329755	0.297622	0.268238	0.249443	0.255477	0.261766	0.249219	0.224505	0.200262	0.175654	0.161341	0.153455	0.141679	0.116244	0.0810689	0.0506445	0.0306451	0.0132337	-0.0217821	-0.0596612	-0.0947647	-0.11743	-0.142996	-0.167743	-0.185851	-0.191344	-0.17636	-0.150934	-0.111612	-0.0686807	-0.0241407	0.00346115	-0.0150142	-0.0938974	-0.242581	-0.455685	-0.71312	-0.990171	-1.24993	-1.43999	-1.53462	-1.52258	-1.41734	-1.24303	-0.992888	-0.704358	-0.434628	-0.215908	-0.0788183	-0.0079941	0.0262749	0.0260006	0.00183709	-0.0350305	-0.0836275	-0.122679	-0.118351	-0.0797374	-0.0392588	0	
0	0.0542675	0.102877	0.154161	0.191356	0.225607	0.243552	0.246818	0.237417	0.211549	0.185244	0.166693	0.176351	0.2359	0.358429	0.553552	0.809109	1.10498	1.39897	1.65818	1.8418	1.93396	1.91897	1.80923	1.61391	1.36018	1.09275	0.842868	0.644415	0.517334	0.443412	0.416405	0.422311	0.446949	0.48576	0.516072	0.521357	0.506348	0.486824	0.462595	0.435852	0.401654	0.36565	0.338935	0.345203	0.355967	0.349609	0.331505	0.307712	0.28365	0.272563	0.271102	0.26348	0.245095	0.218843	0.190892	0.17548	0.160926	0.1375	0.105414	0.072317	0.0523903	0.0315119	0.0105518	-0.00988396	-0.0136597	-0.00177232	0.0182134	0.0517559	0.0907824	0.127536	0.140759	0.115363	0.0258858	-0.137648	-0.36236	-0.636285	-0.932696	-1.21405	-1.42896	-1.5496	-1.57124	-1.50042	-1.34625	-1.11001	-0.832799	-0.564627	-0.342627	-0.197495	-0.113505	-0.0635707	-0.0419865	-0.0474664	-0.0769359	-0.121723	-0.158008	-0.149821	-0.102605	-0.0513136	0	
0	0.0398483	0.0774987	0.112309	0.138517	0.158988	0.162968	0.15722	0.134074	0.101899	0.0681883	0.0458236	0.0552816	0.116412	0.243018	0.442993	0.707407	1.00831	1.31687	1.59071	1.79669	1.91897	1.93907	1.86204	1.69828	1.4669	1.20925	0.962855	0.76521	0.634907	0.554773	0.51947	0.512203	0.525313	0.552772	0.582266	0.593525	0.583981	0.56233	0.54121	0.512683	0.473355	0.425484	0.393427	0.396225	0.407033	0.406128	0.394689	0.373074	0.348358	0.342165	0.345085	0.342433	0.334015	0.315564	0.295933	0.282889	0.274784	0.261826	0.237635	0.211738	0.194189	0.182072	0.166151	0.151064	0.155656	0.170312	0.191833	0.228958	0.273035	0.306921	0.313578	0.28199	0.187305	0.0147336	-0.224548	-0.50769	-0.817673	-1.11781	-1.3507	-1.50122	-1.56254	-1.52888	-1.40585	-1.19409	-0.932715	-0.673453	-0.455421	-0.306869	-0.215468	-0.154469	-0.11605	-0.107072	-0.125771	-0.161954	-0.196575	-0.185388	-0.124983	-0.0593973	0	
0	0.0217135	0.0427239	0.0586663	0.0701199	0.0726581	0.0626422	0.0428168	0.00532803	-0.0362641	-0.0820422	-0.11214	-0.108699	-0.0549165	0.0697067	0.266241	0.529176	0.833073	1.14704	1.43248	1.65975	1.80923	1.86204	1.82254	1.6909	1.48646	1.24901	1.0156	0.826073	0.697473	0.619541	0.581961	0.564972	0.568924	0.594175	0.623539	0.636411	0.634004	0.62181	0.601991	0.567416	0.52297	0.46945	0.429254	0.422184	0.428811	0.432542	0.426366	0.404517	0.379493	0.374797	0.378601	0.379736	0.378392	0.367523	0.354913	0.345311	0.342928	0.337933	0.325556	0.30866	0.298287	0.295694	0.286869	0.284998	0.300077	0.320775	0.348333	0.392012	0.446081	0.483054	0.487333	0.458519	0.368018	0.193776	-0.0484809	-0.336969	-0.654598	-0.963326	-1.21663	-1.39589	-1.49145	-1.49612	-1.40523	-1.22313	-0.987055	-0.744906	-0.538226	-0.390285	-0.296163	-0.232496	-0.180611	-0.157387	-0.173378	-0.205661	-0.227683	-0.20731	-0.144808	-0.0732187	0	
0	0.00583323	0.00835864	0.00999068	0.00322048	-0.0104734	-0.0354848	-0.0740792	-0.124668	-0.183312	-0.243314	-0.285967	-0.295907	-0.253103	-0.137393	0.0487255	0.305443	0.604123	0.91671	1.20569	1.44762	1.61391	1.69828	1.6909	1.59353	1.42118	1.20951	0.992938	0.817741	0.697027	0.625863	0.588569	0.572401	0.577613	0.59976	0.628449	0.652497	0.662804	0.655701	0.639065	0.607204	0.561073	0.496627	0.447543	0.428556	0.42966	0.432224	0.428886	0.406604	0.381527	0.375519	0.376873	0.382188	0.384764	0.381444	0.375223	0.37121	0.372516	0.373344	0.372308	0.365455	0.363455	0.366086	0.365394	0.377284	0.402821	0.431575	0.466719	0.522264	0.58968	0.634603	0.645493	0.624413	0.543371	0.377089	0.136776	-0.151887	-0.465085	-0.774661	-1.04103	-1.23972	-1.36465	-1.40131	-1.34039	-1.19303	-0.986608	-0.765504	-0.573587	-0.431678	-0.339241	-0.272569	-0.215554	-0.190994	-0.203177	-0.226403	-0.242252	-0.22043	-0.152662	-0.0734257	0	
0	-0.00948626	-0.0188715	-0.0351819	-0.0540378	-0.0849097	-0.125177	-0.17956	-0.246962	-0.32166	-0.397661	-0.455207	-0.480923	-0.450388	-0.349042	-0.17705	0.0687243	0.352479	0.654755	0.940598	1.1807	1.36018	1.4669	1.48646	1.42118	1.28321	1.09153	0.896924	0.734032	0.623363	0.562717	0.536812	0.526784	0.535319	0.557807	0.595035	0.631469	0.655483	0.664202	0.66005	0.631349	0.58093	0.513994	0.458466	0.425912	0.415662	0.415221	0.412174	0.388876	0.364498	0.351967	0.351999	0.356575	0.363004	0.362598	0.364008	0.365209	0.367949	0.372111	0.379083	0.383831	0.388564	0.39476	0.401458	0.427557	0.4629	0.500592	0.54608	0.614248	0.695073	0.749662	0.771728	0.759934	0.690269	0.538197	0.30478	0.0242738	-0.274646	-0.576172	-0.84322	-1.05345	-1.19919	-1.25576	-1.22351	-1.11235	-0.931947	-0.729997	-0.552201	-0.415524	-0.324093	-0.260114	-0.209529	-0.186246	-0.193281	-0.212837	-0.224009	-0.201058	-0.141836	-0.0709142	0	
0	-0.0230197	-0.0487812	-0.076636	-0.112076	-0.155211	-0.209827	-0.27772	-0.357438	-0.446103	-0.532934	-0.605773	-0.641995	-0.627861	-0.541357	-0.384813	-0.158537	0.109076	0.397239	0.670414	0.907373	1.09275	1.20925	1.24901	1.20951	1.09153	0.922017	0.747209	0.596284	0.496558	0.449063	0.427992	0.426164	0.440231	0.472864	0.521697	0.574496	0.61667	0.647712	0.65944	0.641323	0.596683	0.531029	0.468687	0.422833	0.402797	0.394979	0.386383	0.363397	0.33575	0.316338	0.308607	0.312029	0.315077	0.315831	0.322659	0.327697	0.332188	0.33545	0.350726	0.366032	0.379446	0.388506	0.404153	0.442277	0.486396	0.533017	0.587474	0.667987	0.755433	0.821465	0.856632	0.853562	0.799653	0.6626	0.443987	0.179103	-0.103876	-0.388141	-0.6507	-0.86808	-1.01943	-1.08649	-1.07584	-0.987492	-0.828474	-0.644245	-0.473993	-0.341827	-0.253106	-0.188719	-0.141582	-0.120687	-0.127849	-0.149763	-0.161174	-0.143172	-0.101276	-0.0515213	0	
0	-0.0339885	-0.0720284	-0.109948	-0.157106	-0.21163	-0.275879	-0.357461	-0.446178	-0.548708	-0.646831	-0.731358	-0.781024	-0.777802	-0.704619	-0.560437	-0.349791	-0.0940869	0.173983	0.437636	0.66094	0.842868	0.962855	1.0156	0.992938	0.896924	0.747209	0.585474	0.439207	0.344674	0.299148	0.28136	0.29088	0.315492	0.356491	0.411639	0.481343	0.547588	0.60855	0.641663	0.643752	0.60764	0.550119	0.484608	0.432289	0.400359	0.379939	0.364432	0.33943	0.307924	0.276252	0.261378	0.257649	0.253729	0.253005	0.261566	0.271281	0.274643	0.276773	0.29607	0.319595	0.339934	0.351387	0.373567	0.419615	0.470227	0.525156	0.592035	0.681252	0.776858	0.856136	0.904932	0.915531	0.871166	0.748508	0.54678	0.294689	0.0318032	-0.233857	-0.485511	-0.69513	-0.842434	-0.910381	-0.912225	-0.843939	-0.702645	-0.527006	-0.354685	-0.218795	-0.123197	-0.0507334	-0.00896726	0.0013009	-0.005712	-0.0228353	-0.0379686	-0.0386044	-0.0284724	-0.015462	0	
0	-0.0396488	-0.0840055	-0.127329	-0.182553	-0.242457	-0.315608	-0.404026	-0.500307	-0.610852	-0.716568	-0.806908	-0.868013	-0.868713	-0.810554	-0.675484	-0.480399	-0.242179	0.0103602	0.256801	0.467922	0.644415	0.76521	0.826073	0.817741	0.734032	0.596284	0.439207	0.292976	0.20051	0.149196	0.134517	0.145609	0.169166	0.208968	0.27956	0.365521	0.455766	0.54312	0.608867	0.636045	0.619887	0.578473	0.518357	0.466069	0.424754	0.394542	0.369931	0.343618	0.304243	0.261657	0.236406	0.21867	0.202756	0.193649	0.198052	0.206506	0.204261	0.202679	0.218585	0.245673	0.271009	0.284924	0.31483	0.364104	0.421643	0.48827	0.5653	0.663653	0.764307	0.853504	0.917581	0.937376	0.901664	0.793138	0.608306	0.37734	0.134318	-0.112837	-0.347524	-0.547153	-0.684713	-0.750248	-0.760613	-0.700497	-0.567635	-0.390917	-0.206589	-0.0616104	0.0462275	0.128896	0.167744	0.179365	0.182583	0.164436	0.133168	0.107862	0.0785142	0.0381875	0	
0	-0.0397533	-0.0814521	-0.126466	-0.180359	-0.239012	-0.316774	-0.400294	-0.50503	-0.614123	-0.725025	-0.82333	-0.886531	-0.899736	-0.848852	-0.7255	-0.543328	-0.320397	-0.0797593	0.149044	0.350489	0.517334	0.634907	0.697473	0.697027	0.623363	0.496558	0.344674	0.20051	0.0980387	0.0329611	0.00862907	0.00737898	0.0263782	0.0709281	0.144068	0.231672	0.343166	0.459478	0.559892	0.616268	0.632089	0.610952	0.56598	0.522541	0.481484	0.442747	0.411148	0.383677	0.336606	0.286222	0.247658	0.212121	0.181139	0.157605	0.153782	0.153053	0.145303	0.136117	0.142575	0.168129	0.191075	0.210061	0.240228	0.286131	0.348582	0.420674	0.507236	0.609835	0.713871	0.815479	0.89202	0.924715	0.900425	0.802668	0.637964	0.429216	0.201507	-0.0290729	-0.245911	-0.428981	-0.550861	-0.609416	-0.620213	-0.563897	-0.434035	-0.25253	-0.0585184	0.103004	0.231369	0.327936	0.378674	0.398324	0.400962	0.381528	0.341375	0.28658	0.208646	0.106516	0	
0	-0.0299232	-0.061857	-0.0987074	-0.143218	-0.197285	-0.267457	-0.348958	-0.45161	-0.559103	-0.674086	-0.774395	-0.841882	-0.866163	-0.817991	-0.710501	-0.538157	-0.329524	-0.106109	0.104666	0.29273	0.443412	0.554773	0.619541	0.625863	0.562717	0.449063	0.299148	0.149196	0.0329611	-0.0464491	-0.0890624	-0.104627	-0.0965188	-0.0644341	-0.0050708	0.0845807	0.208576	0.345709	0.477939	0.568695	0.618459	0.62371	0.60829	0.584114	0.55263	0.512485	0.484818	0.457963	0.409277	0.358027	0.307982	0.257445	0.208522	0.170447	0.150801	0.136851	0.120963	0.0989147	0.0921888	0.104292	0.120922	0.140888	0.163536	0.202349	0.262744	0.337923	0.429312	0.531167	0.640869	0.750305	0.834988	0.881568	0.865067	0.776338	0.63198	0.443485	0.233438	0.0212897	-0.175351	-0.332163	-0.433569	-0.486882	-0.496096	-0.439619	-0.311703	-0.12647	0.0819322	0.265537	0.410664	0.51977	0.584857	0.610898	0.61917	0.609309	0.558145	0.466506	0.340018	0.177657	0	
0	-0.0164461	-0.0348626	-0.0599064	-0.0911047	-0.137059	-0.194808	-0.271959	-0.365383	-0.470451	-0.582097	-0.680761	-0.751696	-0.777883	-0.737808	-0.641098	-0.480668	-0.289596	-0.085706	0.109977	0.276772	0.416405	0.51947	0.581961	0.588569	0.536812	0.427992	0.28136	0.134517	0.00862907	-0.0890624	-0.152829	-0.189293	-0.205635	-0.193147	-0.150497	-0.0672541	0.0516309	0.201161	0.353288	0.477215	0.560493	0.601506	0.616731	0.619997	0.608359	0.582288	0.565869	0.542803	0.504668	0.460728	0.407882	0.346217	0.284716	0.232595	0.194732	0.166498	0.140331	0.104828	0.0822711	0.0740655	0.0816857	0.097557	0.108416	0.137807	0.189886	0.264278	0.351366	0.447832	0.560992	0.668225	0.755755	0.810056	0.798943	0.721432	0.592628	0.426272	0.237711	0.0411314	-0.130226	-0.256844	-0.341104	-0.38454	-0.386446	-0.32792	-0.195109	-0.00424247	0.207816	0.401766	0.558254	0.675398	0.752333	0.791961	0.810071	0.8009	0.736574	0.620181	0.456269	0.24071	0	
0	-0.00539062	-0.0161366	-0.027436	-0.0514133	-0.0848831	-0.131949	-0.201368	-0.281507	-0.38211	-0.485257	-0.579115	-0.651784	-0.67463	-0.643452	-0.549883	-0.400649	-0.220309	-0.0295461	0.149481	0.300345	0.422311	0.512203	0.564972	0.572401	0.526784	0.426164	0.29088	0.145609	0.00737898	-0.104627	-0.189293	-0.255007	-0.293829	-0.302604	-0.281069	-0.222183	-0.119781	0.0266761	0.192957	0.342208	0.452592	0.521885	0.569589	0.607604	0.622512	0.619925	0.618543	0.610097	0.592129	0.564926	0.518647	0.456871	0.391214	0.328822	0.274974	0.236276	0.198579	0.154812	0.115789	0.0879319	0.0862437	0.0907523	0.0926276	0.107959	0.149443	0.216437	0.288388	0.380167	0.489538	0.589877	0.675729	0.729702	0.725674	0.656023	0.535833	0.386266	0.213425	0.0328671	-0.112434	-0.208296	-0.269105	-0.296676	-0.287894	-0.223482	-0.0874944	0.0987488	0.304685	0.502272	0.660715	0.775679	0.861003	0.913774	0.934629	0.921408	0.851823	0.723025	0.537509	0.288861	0	
0	0.000159635	-0.00260273	-0.00946057	-0.025985	-0.0523786	-0.0952587	-0.154908	-0.231389	-0.32467	-0.420105	-0.511318	-0.5752	-0.59551	-0.561658	-0.466026	-0.320054	-0.145994	0.0366742	0.202339	0.338206	0.446949	0.525313	0.568924	0.577613	0.535319	0.440231	0.315492	0.169166	0.0263782	-0.0965188	-0.205635	-0.293829	-0.35246	-0.390843	-0.40106	-0.369479	-0.287831	-0.153865	0.0108139	0.167658	0.29511	0.389605	0.468033	0.531684	0.574811	0.600162	0.620976	0.632219	0.641181	0.638365	0.612526	0.564481	0.505573	0.438728	0.379167	0.331796	0.286692	0.236175	0.182572	0.140853	0.122784	0.116275	0.10721	0.11183	0.145732	0.197705	0.258678	0.345501	0.448408	0.542324	0.617618	0.664745	0.66391	0.59567	0.477223	0.337117	0.176526	0.0140351	-0.103898	-0.17481	-0.21577	-0.225702	-0.208911	-0.140121	-0.0012434	0.175434	0.367989	0.554092	0.699217	0.808182	0.895373	0.949594	0.972209	0.963631	0.898418	0.765965	0.568393	0.305202	0	
0	-0.000463624	-0.00226223	-0.0102129	-0.0240075	-0.0499933	-0.0889314	-0.144501	-0.216932	-0.3019	-0.393433	-0.475592	-0.534221	-0.54932	-0.509885	-0.411455	-0.26425	-0.0879465	0.0920579	0.253843	0.384314	0.48576	0.552772	0.594175	0.59976	0.557807	0.472864	0.356491	0.208968	0.0709281	-0.0644341	-0.193147	-0.302604	-0.390843	-0.461717	-0.493547	-0.488699	-0.437112	-0.328986	-0.17836	-0.0213679	0.117144	0.228579	0.320992	0.403969	0.474876	0.528243	0.567098	0.60052	0.637922	0.66396	0.668529	0.645504	0.602074	0.540568	0.483737	0.432757	0.3836	0.327714	0.26785	0.215564	0.183578	0.163607	0.146332	0.147918	0.171753	0.209891	0.260734	0.34184	0.439035	0.524816	0.589355	0.630095	0.630638	0.564728	0.448019	0.307352	0.153585	0.0101411	-0.0925639	-0.149851	-0.173047	-0.173439	-0.150551	-0.076198	0.0515909	0.208958	0.381786	0.537658	0.658608	0.758435	0.840247	0.902575	0.939121	0.928083	0.862017	0.746193	0.563557	0.304074	0	
0	-0.00249104	-0.00827417	-0.0161529	-0.0342244	-0.0587663	-0.100862	-0.153957	-0.227316	-0.30993	-0.398507	-0.479594	-0.531958	-0.545387	-0.499718	-0.396988	-0.244951	-0.0632885	0.119679	0.285009	0.415836	0.516072	0.582266	0.623539	0.628449	0.595035	0.521697	0.411639	0.27956	0.144068	-0.0050708	-0.150497	-0.281069	-0.40106	-0.493547	-0.552807	-0.582389	-0.565388	-0.484301	-0.35327	-0.203377	-0.0659036	0.0490292	0.147833	0.24641	0.335838	0.404765	0.457759	0.514522	0.573384	0.628009	0.667484	0.680526	0.661239	0.617926	0.574651	0.527903	0.480954	0.422971	0.363841	0.305848	0.259898	0.223816	0.199412	0.198364	0.212462	0.237561	0.282195	0.360658	0.452812	0.535766	0.595134	0.632307	0.634555	0.573637	0.458376	0.313128	0.166338	0.0373557	-0.0570088	-0.108707	-0.129917	-0.128646	-0.103983	-0.0424836	0.0603881	0.192224	0.32611	0.435424	0.532711	0.626545	0.705819	0.777118	0.827358	0.824883	0.772618	0.681399	0.526332	0.289025	0	
0	-0.00576801	-0.0175551	-0.0264625	-0.0497836	-0.076416	-0.119259	-0.176567	-0.24786	-0.332798	-0.421956	-0.501162	-0.555975	-0.567963	-0.520317	-0.417484	-0.260093	-0.073365	0.1136	0.285508	0.420536	0.521357	0.593525	0.636411	0.652497	0.631469	0.574496	0.481343	0.365521	0.231672	0.0845807	-0.0672541	-0.222183	-0.369479	-0.488699	-0.582389	-0.646719	-0.659584	-0.609188	-0.504266	-0.374862	-0.244883	-0.128271	-0.0253506	0.0775541	0.171972	0.249185	0.315933	0.386235	0.454521	0.532124	0.607225	0.658124	0.668829	0.656098	0.633575	0.603475	0.562901	0.511541	0.45866	0.401242	0.346016	0.293585	0.263929	0.257537	0.261741	0.276507	0.316954	0.391166	0.479539	0.562618	0.62396	0.665107	0.669693	0.619132	0.509712	0.362313	0.223966	0.1046	0.0131874	-0.0428236	-0.0730348	-0.0786631	-0.0681941	-0.0356434	0.0287927	0.115205	0.199183	0.264382	0.330455	0.410484	0.497344	0.58455	0.649686	0.671508	0.651427	0.588638	0.459137	0.251957	0	
0	-0.0104568	-0.0228683	-0.0391488	-0.062587	-0.0947783	-0.140392	-0.200226	-0.274726	-0.362209	-0.451918	-0.533799	-0.589263	-0.600822	-0.555166	-0.452222	-0.291499	-0.108583	0.0857503	0.259057	0.39713	0.506348	0.583981	0.634004	0.662804	0.655483	0.61667	0.547588	0.455766	0.343166	0.208576	0.0516309	-0.119781	-0.287831	-0.437112	-0.565388	-0.659584	-0.705686	-0.6953	-0.627179	-0.5215	-0.397379	-0.287715	-0.189191	-0.0895743	0.00875166	0.0873523	0.161318	0.229958	0.299964	0.391685	0.492663	0.573694	0.619636	0.642245	0.649233	0.64214	0.618644	0.581439	0.540133	0.492355	0.431638	0.372332	0.334514	0.32062	0.31718	0.324903	0.363664	0.431513	0.516251	0.600948	0.670966	0.71799	0.727959	0.689326	0.587141	0.450828	0.320925	0.205318	0.115498	0.043855	-0.0047412	-0.027122	-0.045926	-0.0503797	-0.0319726	-0.00255983	0.0245463	0.0399084	0.0680893	0.136935	0.238623	0.343062	0.427325	0.480277	0.491568	0.460831	0.374406	0.212529	0	
0	-0.0150597	-0.030786	-0.0521554	-0.0765955	-0.113476	-0.15794	-0.220309	-0.293835	-0.380814	-0.471916	-0.553027	-0.61198	-0.625066	-0.584516	-0.481592	-0.325779	-0.139334	0.0566623	0.231663	0.374758	0.486824	0.56233	0.62181	0.655701	0.664202	0.647712	0.60855	0.54312	0.459478	0.345709	0.201161	0.0266761	-0.153865	-0.328986	-0.484301	-0.609188	-0.6953	-0.727467	-0.695516	-0.614558	-0.514164	-0.420082	-0.326046	-0.224349	-0.132418	-0.0574007	0.0165192	0.077507	0.142494	0.232249	0.341666	0.440224	0.51894	0.573601	0.609813	0.631381	0.633474	0.617584	0.596319	0.563159	0.512719	0.455621	0.411112	0.389813	0.378172	0.385754	0.418859	0.478195	0.559645	0.646636	0.729398	0.787858	0.808126	0.777942	0.688939	0.566886	0.439075	0.321982	0.218924	0.128075	0.063829	0.0139018	-0.0379177	-0.0799097	-0.113934	-0.144643	-0.174246	-0.202619	-0.204644	-0.150346	-0.0450095	0.070237	0.174141	0.258645	0.299797	0.30225	0.26611	0.161242	0	
0	-0.0128457	-0.0290449	-0.0461975	-0.0733647	-0.105726	-0.153928	-0.213896	-0.29021	-0.379207	-0.471029	-0.557935	-0.617616	-0.636071	-0.598611	-0.497921	-0.345897	-0.159308	0.0343557	0.209556	0.353108	0.462595	0.54121	0.601991	0.639065	0.66005	0.65944	0.641663	0.608867	0.559892	0.477939	0.353288	0.192957	0.0108139	-0.17836	-0.35327	-0.504266	-0.627179	-0.695516	-0.700746	-0.659926	-0.593227	-0.513519	-0.423956	-0.331931	-0.25113	-0.174865	-0.104168	-0.051829	0.00137372	0.0811379	0.181772	0.288524	0.389531	0.467052	0.530166	0.579704	0.612226	0.621161	0.621609	0.608481	0.578653	0.532412	0.485148	0.45427	0.441657	0.451862	0.479551	0.535708	0.614237	0.707937	0.803347	0.873831	0.904959	0.878307	0.799358	0.689492	0.562305	0.430502	0.30528	0.196988	0.108193	0.0278595	-0.0552037	-0.13636	-0.210126	-0.284969	-0.362481	-0.426963	-0.454713	-0.416547	-0.317465	-0.203928	-0.0918716	0.013807	0.0860312	0.126825	0.133937	0.0856648	0	
0	-0.00648987	-0.0184102	-0.0288457	-0.0527363	-0.0810329	-0.125616	-0.184729	-0.258853	-0.34811	-0.44208	-0.531156	-0.59614	-0.622398	-0.590711	-0.499966	-0.355066	-0.17202	0.0144177	0.190202	0.329755	0.435852	0.512683	0.567416	0.607204	0.631349	0.641323	0.643752	0.636045	0.616268	0.568695	0.477215	0.342208	0.167658	-0.0213679	-0.203377	-0.374862	-0.5215	-0.614558	-0.659926	-0.66176	-0.625436	-0.563636	-0.493807	-0.41563	-0.337692	-0.260398	-0.198054	-0.152505	-0.105737	-0.0418498	0.0407262	0.144999	0.252686	0.343716	0.423269	0.497456	0.555764	0.590159	0.612643	0.623282	0.624591	0.598762	0.556884	0.523981	0.515944	0.528258	0.553369	0.605456	0.683289	0.782752	0.88407	0.968374	1.00793	0.983644	0.911799	0.805401	0.670978	0.512594	0.356776	0.22586	0.113485	0.00782524	-0.104853	-0.213259	-0.311265	-0.418005	-0.525208	-0.608475	-0.651439	-0.63637	-0.562727	-0.455145	-0.339368	-0.232407	-0.136678	-0.0520496	-0.00368028	0.00267105	0	
0	-0.00174008	-0.00682734	-0.0138334	-0.0312521	-0.0551294	-0.0957961	-0.150179	-0.22233	-0.310003	-0.404222	-0.495793	-0.56666	-0.598469	-0.576848	-0.496729	-0.35811	-0.188701	-0.00504403	0.163577	0.297622	0.401654	0.473355	0.52297	0.561073	0.58093	0.596683	0.60764	0.619887	0.632089	0.618459	0.560493	0.452592	0.29511	0.117144	-0.0659036	-0.244883	-0.397379	-0.514164	-0.593227	-0.625436	-0.615488	-0.587913	-0.541872	-0.474743	-0.401238	-0.335811	-0.282716	-0.236131	-0.19463	-0.148166	-0.0845114	0.0107052	0.115259	0.210218	0.301801	0.392876	0.473365	0.531792	0.575124	0.615146	0.649733	0.653075	0.627789	0.604633	0.605734	0.61977	0.64543	0.697063	0.776094	0.87572	0.978413	1.06643	1.10788	1.08506	1.00711	0.893213	0.741929	0.550612	0.364891	0.208832	0.0755545	-0.0501592	-0.183279	-0.304119	-0.412969	-0.528568	-0.645063	-0.743924	-0.799617	-0.804492	-0.760512	-0.668995	-0.554981	-0.442073	-0.332081	-0.225095	-0.130338	-0.0570589	0	
