0	0	0	0	0	0	0	0	0	0	0	0	0	0	0	0	0	0	0	0	0	0	0	0	0	0	0	0	0	0	0	0	0	0	0	0	0	0	0	0	0	0	0	0	0	0	0	0	0	0	0	0	0	0	0	0	0	0	0	0	0	0	0	0	0	0	0	0	0	0	0	0	0	0	0	0	0	0	0	0	0	0	0	0	0	0	0	0	0	0	0	0	0	0	0	0	0	0	0	0	
0	1.74348e-16	1.88601e-15	1.87632e-14	1.72406e-13	1.45923e-12	1.13447e-11	8.07759e-11	5.25136e-10	3.10759e-09	1.66879e-08	8.1078e-08	3.55401e-07	1.40213e-06	4.96928e-06	1.58036e-05	4.50986e-05	0.000115629	0.000267096	0.000558256	0.0010617	0.00184929	0.00297043	0.0044297	0.00617146	0.00807733	0.00997836	0.0116795	0.0129909	0.0137587	0.0138906	0.0133705	0.0122614	0.0106951	0.00885033	0.00692413	0.00509927	0.00351658	0.00225736	0.00133996	0.000730476	0.00036326	0.000163787	6.66233e-05	2.43614e-05	7.99124e-06	2.35015e-06	6.20034e-07	1.46981e-07	3.13781e-08	6.04936e-09	1.0564e-09	1.67635e-10	2.42497e-11	3.20794e-12	3.8928e-13	4.34608e-14	4.47669e-15	4.26585e-16	3.77003e-17	3.09752e-18	2.37135e-19	1.69516e-20	1.13378e-21	7.10842e-23	4.18516e-24	2.31778e-25	1.20932e-26	5.95344e-28	2.76924e-29	1.2187e-30	5.0807e-32	2.0089e-33	7.54206e-35	2.69143e-36	9.13856e-38	2.95524e-39	9.11014e-41	2.67948e-42	7.52543e-44	2.01979e-45	5.18444e-47	1.27358e-48	2.99625e-50	6.75517e-52	1.46039e-53	3.02925e-55	6.03221e-57	1.15379e-58	2.12085e-60	3.74831e-62	6.37247e-64	1.04261e-65	1.64233e-67	2.49173e-69	3.64259e-71	5.13276e-73	6.97388e-75	9.13819e-77	0	
0	1.88601e-15	1.9692e-14	1.88765e-13	1.669e-12	1.35735e-11	1.01241e-10	6.90429e-10	4.2916e-09	2.42366e-08	1.23968e-07	5.72541e-07	2.38101e-06	8.89524e-06	2.98039e-05	8.9495e-05	0.000240975	0.000583032	0.00127227	0.00251743	0.00454673	0.00755073	0.0116164	0.0166741	0.0224757	0.0286116	0.0345615	0.0397685	0.0437174	0.0460058	0.0463971	0.0448507	0.0415269	0.0367669	0.0310484	0.0249209	0.0189289	0.013534	0.00905281	0.0056261	0.00322471	0.00169197	0.000806986	0.000347779	0.00013481	4.68657e-05	1.45928e-05	4.07031e-06	1.01832e-06	2.28995e-07	4.64119e-08	8.50392e-09	1.41319e-09	2.13699e-10	2.95016e-11	3.73001e-12	4.33239e-13	4.63627e-14	4.58397e-15	4.19844e-16	3.57095e-17	2.82713e-18	2.08799e-19	1.44156e-20	9.3218e-22	5.65627e-23	3.22605e-24	1.73233e-25	8.77155e-27	4.19405e-28	1.89626e-29	8.11764e-31	3.29428e-32	1.2688e-33	4.64304e-35	1.616e-36	5.35472e-38	1.69082e-39	5.09222e-41	1.46398e-42	4.02099e-44	1.05592e-45	2.65306e-47	6.38236e-49	1.47104e-50	3.2505e-52	6.88999e-54	1.40179e-55	2.73891e-57	5.14201e-59	9.28036e-61	1.61095e-62	2.6908e-64	4.32665e-66	6.7e-68	9.99591e-70	1.43733e-71	1.99268e-73	2.66406e-75	0	
0	1.87632e-14	1.88765e-13	1.74011e-12	1.47726e-11	1.15164e-10	8.21894e-10	5.35259e-09	3.17053e-08	1.70245e-07	8.25967e-07	3.60945e-06	1.41674e-05	4.98343e-05	0.000156866	0.000441747	0.00111427	0.00252516	0.00516642	0.00960626	0.0163591	0.0257276	0.0376718	0.0517498	0.0671452	0.0827697	0.0974084	0.109874	0.11914	0.124442	0.125344	0.121772	0.114018	0.102723	0.0888182	0.0734409	0.0578131	0.0430923	0.0302189	0.0197924	0.0120115	0.00669845	0.00340501	0.00156641	0.000648396	0.000240553	7.98195e-05	2.36785e-05	6.28585e-06	1.49622e-06	3.20192e-07	6.17965e-08	1.07921e-08	1.71129e-09	2.47231e-10	3.26504e-11	3.95432e-12	4.4054e-13	4.52782e-14	4.30502e-15	3.79635e-16	3.11259e-17	2.37811e-18	1.69681e-19	1.13292e-20	7.09185e-22	4.16953e-23	2.30628e-24	1.20205e-25	5.9125e-27	2.7483e-28	1.20888e-29	5.03816e-31	1.99182e-32	7.47833e-34	2.66932e-35	9.06732e-37	2.93397e-38	9.05165e-40	2.66485e-41	7.49285e-43	2.01369e-44	5.1765e-46	1.27375e-47	3.00216e-49	6.78209e-51	1.46941e-52	3.05512e-54	6.09905e-56	1.16971e-57	2.15625e-59	3.8224e-61	6.51916e-63	1.07019e-64	1.69172e-66	2.57613e-68	3.78051e-70	5.34854e-72	7.29631e-74	0	
0	1.72406e-13	1.669e-12	1.47726e-11	1.2021e-10	8.96586e-10	6.1094e-09	3.79046e-08	2.13385e-07	1.08614e-06	4.98156e-06	2.05203e-05	7.57014e-05	0.000249559	0.000734314	0.00192899	0.00453324	0.00957008	0.0182627	0.0317563	0.0507725	0.0753317	0.104642	0.137184	0.170931	0.203643	0.23314	0.257506	0.27522	0.285215	0.286904	0.280191	0.265466	0.243605	0.215952	0.184276	0.150672	0.117388	0.0865687	0.0599696	0.0386924	0.0230397	0.0125454	0.00619367	0.0027528	0.00109578	0.000389462	0.000123464	3.49302e-05	8.83553e-06	2.00353e-06	4.08585e-07	7.5198e-08	1.25352e-08	1.89942e-09	2.62542e-10	3.32148e-11	3.85853e-12	4.12851e-13	4.08036e-14	3.73518e-15	3.17496e-16	2.51197e-17	1.85402e-18	1.27924e-19	8.26763e-21	5.01428e-22	2.85885e-23	1.53476e-24	7.77009e-26	3.71519e-27	1.67997e-28	7.19371e-30	2.92055e-31	1.12549e-32	4.12155e-34	1.43574e-35	4.76226e-37	1.5055e-38	4.54011e-40	1.30719e-41	3.5962e-43	9.46058e-45	2.38164e-46	5.74145e-48	1.3263e-49	2.93773e-51	6.24298e-53	1.2736e-54	2.49559e-56	4.69939e-58	8.5085e-60	1.48189e-61	2.48388e-63	4.00851e-65	6.23096e-67	9.33296e-69	1.34754e-70	1.87586e-72	0	
0	1.45923e-12	1.35735e-11	1.15164e-10	8.96586e-10	6.3845e-09	4.14403e-08	2.44296e-07	1.30316e-06	6.26674e-06	2.7068e-05	0.000104654	0.000361132	0.00110986	0.0030352	0.00739272	0.0160863	0.0314452	0.0556576	0.090062	0.134618	0.187777	0.246747	0.308021	0.367937	0.423142	0.470866	0.508999	0.536052	0.551082	0.553606	0.543545	0.521218	0.487375	0.443274	0.390768	0.332364	0.271203	0.210871	0.155003	0.106741	0.0681838	0.0399827	0.0213085	0.0102312	0.00439647	0.0016836	0.000573482	0.000173778	4.69216e-05	1.13192e-05	2.44778e-06	4.76255e-07	8.36906e-08	1.33336e-08	1.93317e-09	2.55979e-10	3.10623e-11	3.46545e-12	3.56535e-13	3.39232e-14	2.993e-15	2.45479e-16	1.87603e-17	1.33886e-18	8.94116e-20	5.59825e-21	3.29227e-22	1.82165e-23	9.49842e-25	4.67425e-26	2.17401e-27	9.56938e-29	3.9914e-30	1.57946e-31	5.93637e-33	2.12144e-34	7.2157e-36	2.33821e-37	7.22505e-39	2.13074e-40	6.0022e-42	1.6163e-43	4.16382e-45	1.0269e-46	2.4262e-48	5.49499e-50	1.19377e-51	2.48908e-53	4.98392e-55	9.58842e-57	1.77333e-58	3.15438e-60	5.39909e-62	8.89618e-64	1.41172e-65	2.1584e-67	3.18069e-69	4.51857e-71	0	
0	1.13447e-11	1.01241e-10	8.21894e-10	6.1094e-09	4.14403e-08	2.55555e-07	1.42726e-06	7.19022e-06	3.25426e-05	0.000131801	0.00047595	0.00152775	0.00435021	0.0109834	0.0246304	0.0492766	0.0886008	0.1446	0.216674	0.301621	0.394414	0.489331	0.580983	0.664984	0.738215	0.798703	0.845327	0.87754	0.895139	0.898073	0.886335	0.859956	0.819061	0.764031	0.695722	0.615727	0.526677	0.432466	0.338139	0.24939	0.17166	0.109002	0.0631095	0.0329617	0.015398	0.00639665	0.00235612	0.000769127	0.000222825	5.74474e-05	1.32263e-05	2.7301e-06	5.0731e-07	8.52134e-08	1.29904e-08	1.80422e-09	2.29132e-10	2.66998e-11	2.86388e-12	2.83617e-13	2.60056e-14	2.21361e-15	1.75349e-16	1.29559e-17	8.94814e-19	5.78853e-20	3.51393e-21	2.00529e-22	1.07755e-23	5.4608e-25	2.61379e-26	1.18326e-27	5.07291e-29	2.06221e-30	7.95825e-32	2.9187e-33	1.01836e-34	3.38365e-36	1.07165e-37	3.23807e-39	9.3424e-41	2.57584e-42	6.79208e-44	1.71406e-45	4.14278e-47	9.59597e-49	2.13153e-50	4.54322e-52	9.29725e-54	1.82769e-55	3.45332e-57	6.27444e-59	1.09679e-60	1.84537e-62	2.9898e-64	4.66641e-66	7.01902e-68	1.01767e-69	0	
0	8.07759e-11	6.90429e-10	5.35259e-09	3.79046e-08	2.44296e-07	1.42726e-06	7.52704e-06	3.56775e-05	0.000151321	0.000571831	0.00191773	0.00568942	0.0149031	0.0344706	0.0706051	0.128875	0.211684	0.316811	0.437921	0.56648	0.693927	0.81327	0.919777	1.01096	1.08604	1.14521	1.18911	1.21861	1.23445	1.23707	1.22655	1.20259	1.16455	1.11159	1.04295	0.958191	0.857627	0.742978	0.618052	0.488977	0.363827	0.25138	0.159117	0.0910714	0.0466166	0.0211728	0.00849555	0.00300765	0.00094052	0.000260499	6.41453e-05	1.41026e-05	2.78068e-06	4.93925e-07	7.93815e-08	1.15912e-08	1.5438e-09	1.88238e-10	2.10848e-11	2.17656e-12	2.07687e-13	1.83693e-14	1.50988e-15	1.15615e-16	8.26567e-18	5.52908e-19	3.46731e-20	2.04219e-21	1.13166e-22	5.90957e-24	2.91258e-25	1.35676e-26	5.98168e-28	2.49913e-29	9.90662e-31	3.73016e-32	1.33556e-33	4.55173e-35	1.47805e-36	4.57717e-38	1.35295e-39	3.82037e-41	1.03136e-42	2.6639e-44	6.58786e-46	1.56093e-47	3.54583e-49	7.72711e-51	1.61636e-52	3.2473e-54	6.26913e-56	1.16363e-57	2.07759e-59	3.56978e-61	5.90553e-63	9.41013e-65	1.44487e-66	2.13817e-68	0	
0	5.25136e-10	4.2916e-09	3.17053e-08	2.13385e-07	1.30316e-06	7.19022e-06	3.56775e-05	0.000158442	0.000626692	0.00219721	0.00679898	0.0185053	0.0442266	0.0928993	0.172303	0.28474	0.424802	0.581173	0.740757	0.892277	1.02815	1.14464	1.24102	1.31848	1.37889	1.42419	1.45639	1.47733	1.48832	1.49012	1.48288	1.46605	1.43853	1.39869	1.34456	1.27417	1.18558	1.07717	0.948792	0.802842	0.645328	0.48616	0.338033	0.213503	0.120745	0.0604841	0.026661	0.0103157	0.0035058	0.00104942	0.000277804	6.53432e-05	1.37239e-05	2.58648e-06	4.39508e-07	6.76424e-08	9.46923e-09	1.21054e-09	1.41847e-10	1.52871e-11	1.52011e-12	1.3988e-13	1.19441e-14	9.48806e-16	7.02839e-17	4.86572e-18	3.15462e-19	1.91907e-20	1.09739e-21	5.90867e-23	3.00032e-24	1.43893e-25	6.52708e-27	2.80398e-28	1.14222e-29	4.41729e-31	1.62359e-32	5.67766e-34	1.8909e-35	6.0032e-37	1.81846e-38	5.26023e-40	1.45424e-41	3.84531e-43	9.73223e-45	2.35929e-46	5.48188e-48	1.22161e-49	2.61247e-51	5.36462e-53	1.05837e-54	2.0071e-56	3.66066e-58	6.42413e-60	1.08526e-61	1.76566e-63	2.76767e-65	4.18066e-67	0	
0	3.10759e-09	2.42366e-08	1.70245e-07	1.08614e-06	6.26674e-06	3.25426e-05	0.000151321	0.000626692	0.00229901	0.00743073	0.0210591	0.0521457	0.112671	0.212945	0.354698	0.527695	0.713905	0.89549	1.05991	1.20084	1.31688	1.40943	1.48127	1.53535	1.57419	1.60056	1.61755	1.62762	1.6325	1.63327	1.63013	1.62233	1.60835	1.58601	1.55248	1.50477	1.44041	1.35652	1.25016	1.11921	0.96373	0.787896	0.601657	0.421078	0.265042	0.147739	0.0722035	0.0307989	0.0114643	0.00373393	0.00106883	0.000270305	6.07294e-05	1.21881e-05	2.19664e-06	3.57305e-07	5.2699e-08	7.07826e-09	8.69255e-10	9.79644e-11	1.01665e-11	9.74586e-13	8.65532e-14	7.14051e-15	5.48587e-16	3.93405e-17	2.63909e-18	1.65944e-19	9.79895e-21	5.44346e-22	2.84947e-23	1.40773e-24	6.57318e-26	2.90485e-27	1.21654e-28	4.83406e-30	1.82465e-31	6.54944e-33	2.23785e-34	7.28593e-36	2.26239e-37	6.70595e-39	1.899e-40	5.14173e-42	1.3321e-43	3.30465e-45	7.85539e-47	1.7904e-48	3.91507e-50	8.21856e-52	1.65716e-53	3.21131e-55	5.98371e-57	1.07262e-58	1.85058e-60	3.07438e-62	4.92015e-64	7.58676e-66	0	
0	1.66879e-08	1.23968e-07	8.25967e-07	4.98156e-06	2.7068e-05	0.000131801	0.000571831	0.00219721	0.00743073	0.0219842	0.0565971	0.126337	0.244468	0.412251	0.613588	0.82254	1.01734	1.18675	1.32736	1.43983	1.52633	1.58931	1.63173	1.65634	1.66676	1.66813	1.66502	1.66046	1.65713	1.65655	1.65878	1.66314	1.6672	1.66807	1.66185	1.64338	1.60843	1.55409	1.47734	1.37557	1.24637	1.08835	0.90293	0.697596	0.490093	0.306201	0.167438	0.0794723	0.0326783	0.011668	0.00363485	0.000993766	0.000239944	5.14828e-05	9.87454e-06	1.70251e-06	2.65225e-07	3.75105e-08	4.83719e-09	5.71049e-10	6.19422e-11	6.19436e-12	5.72865e-13	4.91359e-14	3.9191e-15	2.91392e-16	2.02425e-17	1.31663e-18	8.03402e-20	4.60757e-21	2.48788e-22	1.26679e-23	6.09191e-25	2.77074e-26	1.19348e-27	4.87477e-29	1.89031e-30	6.96692e-32	2.44308e-33	8.15946e-35	2.59792e-36	7.89271e-38	2.28999e-39	6.35045e-41	1.68452e-42	4.27727e-44	1.04036e-45	2.4256e-47	5.42437e-49	1.16423e-50	2.39961e-52	4.75222e-54	9.04761e-56	1.65681e-57	2.91962e-59	4.95325e-61	8.0939e-63	1.27413e-64	0	
0	8.1078e-08	5.72541e-07	3.60945e-06	2.05203e-05	0.000104654	0.00047595	0.00191773	0.00679898	0.0210591	0.0565971	0.131222	0.261678	0.449882	0.674218	0.900277	1.10327	1.27579	1.41747	1.52799	1.60734	1.6561	1.67707	1.67477	1.65468	1.62498	1.59315	1.56359	1.54029	1.52676	1.52447	1.53341	1.55308	1.58064	1.61223	1.6435	1.66852	1.67859	1.66763	1.63043	1.56354	1.46551	1.33612	1.17595	0.984901	0.766058	0.537044	0.33076	0.176217	0.0807504	0.0318613	0.0108767	0.00323368	0.000843246	0.00019424	3.97895e-05	7.29375e-06	1.2033e-06	1.79602e-07	2.43688e-08	3.01877e-09	3.42787e-10	3.58089e-11	3.45282e-12	3.08248e-13	2.555e-14	1.9714e-15	1.41935e-16	9.55672e-18	6.03014e-19	3.5726e-20	1.99095e-21	1.04541e-22	5.1802e-24	2.42596e-25	1.07523e-26	4.51613e-28	1.79977e-29	6.81325e-31	2.45278e-32	8.40583e-34	2.74503e-35	8.55e-37	2.54226e-38	7.22226e-40	1.96189e-41	5.09981e-43	1.26948e-44	3.02821e-46	6.92665e-48	1.52023e-49	3.20331e-51	6.48402e-53	1.26148e-54	2.3601e-56	4.24825e-58	7.36082e-60	1.22821e-61	1.97397e-63	0	
0	3.55401e-07	2.38101e-06	1.41674e-05	7.57014e-05	0.000361132	0.00152775	0.00568942	0.0185053	0.0521457	0.126337	0.261678	0.462939	0.705301	0.945987	1.15664	1.33469	1.48158	1.59096	1.65838	1.68406	1.67247	1.63217	1.57153	1.50081	1.42995	1.36426	1.30779	1.26681	1.24365	1.23947	1.25544	1.28926	1.34007	1.40295	1.47226	1.54417	1.61003	1.65949	1.68374	1.67365	1.62339	1.53044	1.39757	1.23174	1.03445	0.803788	0.557126	0.335009	0.172409	0.0757602	0.0285406	0.00928283	0.00262773	0.000652626	0.000143299	2.8014e-05	4.9073e-06	7.74761e-07	1.10823e-07	1.4431e-08	1.71804e-09	1.87734e-10	1.88963e-11	1.75774e-12	1.51556e-13	1.21458e-14	9.07028e-16	6.32665e-17	4.13076e-18	2.5297e-19	1.45582e-20	7.88694e-22	4.02889e-23	1.9436e-24	8.86748e-26	3.83138e-27	1.56973e-28	6.10569e-30	2.25724e-31	7.93997e-33	2.66012e-34	8.49654e-36	2.58964e-37	7.53818e-39	2.09741e-40	5.58249e-42	1.42241e-43	3.47199e-45	8.12428e-47	1.82357e-48	3.92876e-50	8.12904e-52	1.61628e-53	3.0897e-55	5.68148e-57	1.00545e-58	1.71324e-60	2.81138e-62	0	
0	1.40213e-06	8.89524e-06	4.98343e-05	0.000249559	0.00110986	0.00435021	0.0149031	0.0442266	0.112671	0.244468	0.449882	0.705301	0.96096	1.18199	1.36889	1.52424	1.63167	1.68189	1.67993	1.63347	1.55431	1.45297	1.33919	1.22433	1.115	1.01629	0.936248	0.879938	0.848075	0.842331	0.86456	0.911129	0.982061	1.07381	1.18007	1.293	1.40877	1.51582	1.60539	1.66612	1.68711	1.65891	1.57402	1.43579	1.26078	1.05426	0.810129	0.548506	0.318313	0.156746	0.065578	0.0234681	0.00724705	0.00194874	0.000460272	9.62482e-05	1.79478e-05	3.00383e-06	4.53838e-07	6.2223e-08	7.77788e-09	8.90169e-10	9.36381e-11	9.0849e-12	8.1557e-13	6.79432e-14	5.26673e-15	3.80823e-16	2.57446e-17	1.63062e-18	9.69567e-20	5.42201e-21	2.85656e-22	1.42012e-23	6.672e-25	2.96653e-26	1.24991e-27	4.99676e-29	1.89752e-30	6.85265e-32	2.35591e-33	7.71822e-35	2.41182e-36	7.19495e-38	2.05085e-39	5.59003e-41	1.45814e-42	3.64256e-44	8.7204e-46	2.00205e-47	4.41058e-49	9.32954e-51	1.8959e-52	3.7034e-54	6.95729e-56	1.25762e-57	2.18847e-59	3.66687e-61	0	
0	4.96928e-06	2.98039e-05	0.000156866	0.000734314	0.0030352	0.0109834	0.0344706	0.0928993	0.212945	0.412251	0.674218	0.945987	1.18199	1.38022	1.5458	1.65285	1.68653	1.66169	1.58761	1.47375	1.33206	1.1717	1.00606	0.845354	0.69776	0.571531	0.474287	0.404331	0.365862	0.360125	0.385068	0.443419	0.529785	0.644077	0.784533	0.940434	1.10559	1.26923	1.41962	1.54618	1.6371	1.6829	1.67454	1.59702	1.45161	1.26556	1.04593	0.785044	0.511951	0.283193	0.13216	0.05228	0.0176868	0.00516842	0.00131725	0.000295434	5.87793e-05	1.04491e-05	1.67035e-06	2.41481e-07	3.17341e-08	3.80831e-09	4.19079e-10	4.24468e-11	3.97063e-12	3.44103e-13	2.77057e-14	2.07796e-15	1.45526e-16	9.53782e-18	5.86215e-19	3.38532e-20	1.84016e-21	9.43077e-23	4.5641e-24	2.08888e-25	9.05362e-27	3.72083e-28	1.45177e-29	5.38383e-31	1.89974e-32	6.38483e-34	2.04588e-35	6.25584e-37	1.82703e-38	5.10054e-40	1.36221e-41	3.48297e-43	8.53189e-45	2.00366e-46	4.51407e-48	9.76211e-50	2.02771e-51	4.04761e-53	7.76881e-55	1.43448e-56	2.54936e-58	4.36166e-60	0	
0	1.58036e-05	8.9495e-05	0.000441747	0.00192899	0.00739272	0.0246304	0.0706051	0.172303	0.354698	0.613588	0.900277	1.15664	1.36889	1.5458	1.65909	1.68472	1.64648	1.55354	1.40563	1.22092	1.01092	0.793242	0.581641	0.387032	0.217736	0.0782666	-0.0298279	-0.105648	-0.146424	-0.152072	-0.126054	-0.0638313	0.0309894	0.15857	0.315089	0.501345	0.706421	0.924137	1.13817	1.33549	1.49963	1.61578	1.6758	1.6786	1.6005	1.44461	1.24639	1.00866	0.728739	0.451015	0.23497	0.103007	0.038288	0.012192	0.0033612	0.000810243	0.000172311	3.25867e-05	5.51891e-06	8.42298e-07	1.1649e-07	1.46718e-08	1.69035e-09	1.78862e-10	1.74454e-11	1.57363e-12	1.31672e-13	1.02483e-14	7.43837e-16	5.04653e-17	3.20726e-18	1.91327e-19	1.07332e-20	5.67215e-22	2.82839e-23	1.33279e-24	5.94343e-26	2.51157e-27	1.00701e-28	3.83549e-30	1.38927e-31	4.79069e-33	1.57429e-34	4.93469e-36	1.47677e-37	4.22295e-39	1.15483e-40	3.02242e-42	7.57606e-44	1.82007e-45	4.19347e-47	9.27209e-49	1.96861e-50	4.01581e-52	7.87503e-54	1.48534e-55	2.69596e-57	4.70979e-59	0	
0	4.50986e-05	0.000240975	0.00111427	0.00453324	0.0160863	0.0492766	0.128875	0.28474	0.527695	0.82254	1.10327	1.33469	1.52424	1.65285	1.68472	1.64117	1.53629	1.35637	1.13176	0.879652	0.617043	0.361609	0.123474	-0.0863319	-0.265207	-0.408825	-0.516678	-0.586775	-0.626009	-0.633028	-0.60615	-0.549701	-0.456668	-0.327011	-0.162625	0.0361427	0.262828	0.513766	0.774255	1.03334	1.27043	1.47183	1.60773	1.67437	1.67674	1.58497	1.41509	1.2017	0.939909	0.64314	0.372459	0.18083	0.0739084	0.0256774	0.00766733	0.00198894	0.000452612	9.11462e-05	1.63682e-05	2.63917e-06	3.8437e-07	5.08362e-08	6.135e-09	6.78479e-10	6.90271e-11	6.48315e-12	5.63925e-13	4.55607e-14	3.42809e-15	2.4081e-16	1.58285e-17	9.7558e-19	5.6492e-20	3.07892e-21	1.5821e-22	7.67669e-24	3.52261e-25	1.53076e-26	6.30766e-28	2.46763e-29	9.17579e-31	3.24664e-32	1.09421e-33	3.51612e-35	1.07827e-36	3.15845e-38	8.84428e-40	2.36939e-41	6.07749e-43	1.4936e-44	3.51936e-46	7.95597e-48	1.7266e-49	3.59929e-51	7.21126e-53	1.38934e-54	2.57533e-56	4.59379e-58	0	
0	0.000115629	0.000583032	0.00252516	0.00957008	0.0314452	0.0886008	0.211684	0.424802	0.713905	1.01734	1.27579	1.48158	1.63167	1.68653	1.64648	1.53629	1.33752	1.08238	0.801147	0.495851	0.199002	-0.0845768	-0.333082	-0.54572	-0.715446	-0.842798	-0.933221	-0.992597	-1.02286	-1.02859	-1.01027	-0.96134	-0.882481	-0.772056	-0.61775	-0.42344	-0.187652	0.0825384	0.376338	0.679687	0.973967	1.23909	1.46728	1.61153	1.67989	1.66667	1.54966	1.36315	1.1274	0.837768	0.534161	0.285946	0.128271	0.048588	0.0157114	0.00438592	0.00106812	0.000229075	4.36264e-05	7.43232e-06	1.14003e-06	1.58349e-07	2.0019e-08	2.31408e-09	2.4559e-10	2.40185e-11	2.17194e-12	1.82156e-13	1.42087e-14	1.03346e-15	7.02573e-17	4.47403e-18	2.67422e-19	1.50315e-20	7.95935e-22	3.9768e-23	1.87773e-24	8.3908e-26	3.55325e-27	1.42775e-28	5.45004e-30	1.97859e-31	6.83888e-33	2.25279e-34	7.07909e-36	2.12396e-37	6.08975e-39	1.66989e-40	4.38277e-42	1.10179e-43	2.65487e-45	6.13579e-47	1.36099e-48	2.89908e-50	5.93386e-52	1.16768e-53	2.21029e-55	4.02532e-57	0	
0	0.000267096	0.00127227	0.00516642	0.0182627	0.0556576	0.1446	0.316811	0.581173	0.89549	1.18675	1.41747	1.59096	1.68189	1.66169	1.55354	1.35637	1.08238	0.776764	0.431813	0.0929907	-0.227761	-0.509981	-0.746377	-0.931262	-1.07106	-1.16698	-1.23241	-1.26933	-1.28582	-1.28958	-1.27835	-1.24909	-1.19791	-1.11298	-0.99206	-0.826981	-0.609295	-0.347094	-0.0370919	0.293047	0.64261	0.963977	1.25309	1.48664	1.62755	1.68689	1.64029	1.49369	1.28564	1.01784	0.704936	0.4128	0.202307	0.0833166	0.02912	0.00873609	0.00227445	0.000519054	0.000104758	1.88455e-05	3.04283e-06	4.4366e-07	5.87326e-08	7.09361e-09	7.85049e-10	7.99215e-11	7.51109e-12	6.53746e-13	5.28513e-14	3.97932e-15	2.79732e-16	1.8401e-17	1.13508e-18	6.57869e-20	3.58901e-21	1.84615e-22	8.96812e-24	4.12025e-25	1.79282e-26	7.39788e-28	2.89847e-29	1.07951e-30	3.82604e-32	1.29179e-33	4.15887e-35	1.27792e-36	3.75108e-38	1.05268e-39	2.82661e-41	7.26765e-43	1.79057e-44	4.2301e-46	9.58866e-48	2.0868e-49	4.3629e-51	8.7677e-53	1.69452e-54	3.15026e-56	0	
0	0.000558256	0.00251743	0.00960626	0.0317563	0.090062	0.216674	0.437921	0.740757	1.05991	1.32736	1.52799	1.65838	1.67993	1.58761	1.40563	1.13176	0.801147	0.431813	0.0547342	-0.293334	-0.612722	-0.869619	-1.07556	-1.21611	-1.30999	-1.35931	-1.37824	-1.38702	-1.38948	-1.38837	-1.38523	-1.38384	-1.37095	-1.3331	-1.26096	-1.1377	-0.960045	-0.722194	-0.427254	-0.0874557	0.277959	0.657959	1.00334	1.30689	1.52579	1.65452	1.68243	1.59084	1.41487	1.17455	0.870629	0.551952	0.293499	0.130787	0.0492331	0.015829	0.00439566	0.00106539	0.000227496	4.31537e-05	7.32517e-06	1.11988e-06	1.55084e-07	1.95528e-08	2.25463e-09	2.3875e-10	2.33032e-11	2.10355e-12	1.76147e-13	1.37215e-14	9.96873e-16	6.77049e-17	4.30812e-18	2.57348e-19	1.44589e-20	7.65408e-22	3.82383e-23	1.80558e-24	8.06995e-26	3.41855e-27	1.37429e-28	5.24927e-30	1.90717e-31	6.59798e-33	2.1757e-34	6.84487e-36	2.05637e-37	5.9044e-39	1.6216e-40	4.26321e-42	1.07368e-43	2.59216e-45	6.00322e-47	1.3345e-48	2.84922e-50	5.846e-52	1.15333e-53	2.18826e-55	0	
0	0.0010617	0.00454673	0.0163591	0.0507725	0.134618	0.301621	0.56648	0.892277	1.20084	1.43983	1.60734	1.68406	1.63347	1.47375	1.22092	0.879652	0.495851	0.0929907	-0.293334	-0.647312	-0.934581	-1.15559	-1.29645	-1.37781	-1.39872	-1.39357	-1.36917	-1.34447	-1.32877	-1.32402	-1.33639	-1.36028	-1.38387	-1.39988	-1.39226	-1.33475	-1.22242	-1.0299	-0.772296	-0.439389	-0.065867	0.335818	0.729054	1.092	1.38454	1.58059	1.67925	1.65211	1.51591	1.30533	1.02144	0.693133	0.396542	0.189988	0.0766453	0.0263013	0.00776368	0.00199257	0.000448998	8.96028e-05	1.59576e-05	2.55336e-06	3.69278e-07	4.85287e-08	5.82248e-09	6.40518e-10	6.48541e-11	6.06509e-12	5.25541e-13	4.23156e-14	3.17447e-15	2.22422e-16	1.45881e-17	8.97507e-19	5.18963e-20	2.82537e-21	1.45072e-22	7.0363e-24	3.22845e-25	1.40324e-26	5.7852e-28	2.2651e-29	8.43208e-31	2.98768e-32	1.00863e-33	3.24748e-35	9.98114e-37	2.93098e-38	8.23004e-40	2.21152e-41	5.69123e-43	1.40364e-44	3.31997e-46	7.53569e-48	1.64244e-49	3.43947e-51	6.9242e-53	1.34034e-54	0	
0	0.00184929	0.00755073	0.0257276	0.0753317	0.187777	0.394414	0.693927	1.02815	1.31688	1.52633	1.6561	1.67247	1.55431	1.33206	1.01092	0.617043	0.199002	-0.227761	-0.612722	-0.934581	-1.17564	-1.33095	-1.40137	-1.40452	-1.36062	-1.28982	-1.22181	-1.16662	-1.13839	-1.13513	-1.15193	-1.19595	-1.26092	-1.3356	-1.3904	-1.41079	-1.36809	-1.24861	-1.04109	-0.750367	-0.388456	0.0263249	0.452214	0.858762	1.215	1.47639	1.63968	1.67866	1.58937	1.41061	1.15223	0.827683	0.504822	0.258143	0.110929	0.0404203	0.0126262	0.00341809	0.000809984	0.000169528	3.15879e-05	5.27668e-06	7.95155e-07	1.08689e-07	1.35426e-08	1.54493e-09	1.62007e-10	1.56723e-11	1.40323e-12	1.16631e-13	9.02351e-15	6.51479e-16	4.3994e-17	2.78475e-18	1.65554e-19	9.26092e-21	4.88291e-22	2.43058e-23	1.14394e-24	5.09762e-26	2.15368e-27	8.63747e-29	3.29224e-30	1.19393e-31	4.12387e-33	1.358e-34	4.26747e-36	1.28087e-37	3.6751e-39	1.00882e-40	2.65137e-42	6.67656e-44	1.61199e-45	3.73411e-47	8.30422e-49	1.77402e-50	3.64262e-52	7.19038e-54	0	
0	0.00297043	0.0116164	0.0376718	0.104642	0.246747	0.489331	0.81327	1.14464	1.40943	1.58931	1.67707	1.63217	1.45297	1.1717	0.793242	0.361609	-0.0845768	-0.509981	-0.869619	-1.15559	-1.33095	-1.41192	-1.39543	-1.31783	-1.2008	-1.08526	-0.992715	-0.931616	-0.897858	-0.892127	-0.915396	-0.964246	-1.04456	-1.1531	-1.27299	-1.37054	-1.4148	-1.3746	-1.23814	-0.994991	-0.661775	-0.260141	0.183602	0.623821	1.03092	1.35226	1.57428	1.67589	1.63712	1.49205	1.26128	0.949558	0.61186	0.331331	0.15064	0.0579406	0.0190529	0.00541501	0.00134375	0.000293839	5.70838e-05	9.92351e-06	1.5536e-06	2.20291e-07	2.8434e-08	3.35605e-09	3.63696e-10	3.63222e-11	3.35416e-12	2.87275e-13	2.2884e-14	1.6998e-15	1.18012e-16	7.6748e-18	4.6849e-19	2.68934e-20	1.45434e-21	7.42115e-23	3.57875e-24	1.63332e-25	7.06438e-27	2.89931e-28	1.13046e-29	4.19218e-31	1.48019e-32	4.98112e-34	1.59912e-35	4.90204e-37	1.4361e-38	4.02404e-40	1.07931e-41	2.77303e-43	6.82965e-45	1.61349e-46	3.65879e-48	7.96847e-50	1.66776e-51	3.35503e-53	0	
0	0.0044297	0.0166741	0.0517498	0.137184	0.308021	0.580983	0.919777	1.24102	1.48127	1.63173	1.67477	1.57153	1.33919	1.00606	0.581641	0.123474	-0.333082	-0.746377	-1.07556	-1.29645	-1.40137	-1.39543	-1.30053	-1.1499	-0.992476	-0.851898	-0.764013	-0.713191	-0.688243	-0.686773	-0.701647	-0.737848	-0.809597	-0.932454	-1.08489	-1.24565	-1.36551	-1.41263	-1.35152	-1.17882	-0.889084	-0.507119	-0.0604923	0.400127	0.844807	1.21788	1.49272	1.65136	1.663	1.55225	1.34905	1.05528	0.712241	0.405242	0.193557	0.078084	0.0268735	0.00797612	0.00206271	0.000469169	9.46424e-05	1.70575e-05	2.76475e-06	4.05352e-07	5.40367e-08	6.5802e-09	7.35009e-10	7.55935e-11	7.1829e-12	6.32545e-13	5.17723e-14	3.9487e-15	2.81326e-16	1.87642e-17	1.17412e-18	6.90542e-20	3.82419e-21	1.99749e-22	9.85602e-24	4.60073e-25	2.0345e-26	8.53401e-28	3.39972e-29	1.28773e-30	4.64268e-32	1.59485e-33	5.22521e-35	1.63424e-36	4.88358e-38	1.3955e-39	3.81623e-41	9.99485e-43	2.50881e-44	6.03952e-46	1.39529e-47	3.09543e-49	6.59826e-51	1.35168e-52	0	
0	0.00617146	0.0224757	0.0671452	0.170931	0.367937	0.664984	1.01096	1.31848	1.53535	1.65634	1.65468	1.50081	1.22433	0.845354	0.387032	-0.0863319	-0.54572	-0.931262	-1.21611	-1.37781	-1.40452	-1.31783	-1.1499	-0.950662	-0.77911	-0.669078	-0.621807	-0.606748	-0.586877	-0.581724	-0.599382	-0.614241	-0.644989	-0.726615	-0.876527	-1.07113	-1.25758	-1.38242	-1.40346	-1.29749	-1.05837	-0.711454	-0.275155	0.196366	0.668765	1.08369	1.40343	1.61243	1.67204	1.59474	1.4174	1.14347	0.801981	0.475786	0.23704	0.0996329	0.0356681	0.0109927	0.00294703	0.000693817	0.000144667	2.69168e-05	4.49887e-06	6.79476e-07	9.32232e-08	1.16735e-08	1.33981e-09	1.41487e-10	1.37951e-11	1.24579e-12	1.04504e-13	8.16474e-15	5.95571e-16	4.06526e-17	2.60205e-18	1.56481e-19	8.85746e-21	4.72709e-22	2.38233e-23	1.13548e-24	5.12535e-26	2.19386e-27	8.91591e-29	3.4443e-30	1.26617e-31	4.43391e-33	1.48052e-34	4.71824e-36	1.43637e-37	4.1806e-39	1.16424e-40	3.10463e-42	7.93332e-44	1.94391e-45	4.57043e-47	1.03175e-48	2.2376e-50	4.66302e-52	0	
0	0.00807733	0.0286116	0.0827697	0.203643	0.423142	0.738215	1.08604	1.37889	1.57419	1.66676	1.62498	1.42995	1.115	0.69776	0.217736	-0.265207	-0.715446	-1.07106	-1.30999	-1.39872	-1.36062	-1.2008	-0.992476	-0.77911	-0.642608	-0.584612	-0.580762	-0.587049	-0.569666	-0.564886	-0.583674	-0.584422	-0.578659	-0.610801	-0.712316	-0.903876	-1.11921	-1.30865	-1.39735	-1.36376	-1.18096	-0.872224	-0.450297	0.0220059	0.510513	0.95873	1.31479	1.5657	1.66906	1.62333	1.46905	1.21429	0.878527	0.539482	0.278377	0.121098	0.0448108	0.0142556	0.00393981	0.000955048	0.00020482	3.9159e-05	6.71953e-06	1.04111e-06	1.46429e-07	1.87846e-08	2.20743e-09	2.38541e-10	2.3788e-11	2.19613e-12	1.88251e-13	1.50231e-14	1.11891e-15	7.79548e-17	5.09113e-18	3.12295e-19	1.80255e-20	9.80672e-22	5.03694e-23	2.44605e-24	1.12468e-25	4.90268e-27	2.02869e-28	7.97785e-30	2.98487e-31	1.06363e-32	3.61334e-34	1.17137e-35	3.62683e-37	1.07345e-38	3.03954e-40	8.24015e-42	2.14034e-43	5.33033e-45	1.27361e-46	2.92149e-48	6.43754e-50	1.36289e-51	0	
0	0.00997836	0.0345615	0.0974084	0.23314	0.470866	0.798703	1.14521	1.42419	1.60056	1.66813	1.59315	1.36426	1.01629	0.571531	0.0782666	-0.408825	-0.842798	-1.16698	-1.35931	-1.39357	-1.28982	-1.08526	-0.851898	-0.669078	-0.584612	-0.599933	-0.609461	-0.589296	-0.569966	-0.565898	-0.57994	-0.602499	-0.609609	-0.583619	-0.621182	-0.770739	-0.988867	-1.21884	-1.36487	-1.3944	-1.25946	-0.989839	-0.590558	-0.121208	0.376403	0.851198	1.2359	1.51817	1.65826	1.64123	1.50687	1.26888	0.940556	0.593625	0.315068	0.140904	0.0535517	0.0174791	0.0049513	0.00122909	0.00026971	5.27243e-05	9.24476e-06	1.4628e-06	2.1e-07	2.74851e-08	3.29379e-09	3.6284e-10	3.68716e-11	3.46759e-12	3.02694e-13	2.45919e-14	1.86413e-15	1.32145e-16	8.77903e-18	5.47668e-19	3.21414e-20	1.7776e-21	9.27947e-23	4.57916e-24	2.13913e-25	9.47224e-27	3.98086e-28	1.58973e-29	6.03915e-31	2.18471e-32	7.5337e-34	2.47876e-35	7.78861e-37	2.33915e-38	6.72015e-40	1.84825e-41	4.86991e-43	1.23017e-44	2.98115e-46	6.93513e-48	1.54968e-49	3.32674e-51	0	
0	0.0116795	0.0397685	0.109874	0.257506	0.508999	0.845327	1.18911	1.45639	1.61755	1.66502	1.56359	1.30779	0.936248	0.474287	-0.0298279	-0.516678	-0.933221	-1.23241	-1.37824	-1.36917	-1.22181	-0.992715	-0.764013	-0.621807	-0.580762	-0.609461	-0.595379	-0.547141	-0.541009	-0.5458	-0.53945	-0.572729	-0.614391	-0.58842	-0.594295	-0.695507	-0.893674	-1.13821	-1.32158	-1.39591	-1.30693	-1.07122	-0.694487	-0.227333	0.270922	0.762013	1.17136	1.47744	1.64489	1.65121	1.53315	1.30873	0.987638	0.636304	0.345002	0.157571	0.0611165	0.0203422	0.00587176	0.00148429	0.000331487	6.59168e-05	1.17518e-05	1.88994e-06	2.75668e-07	3.6646e-08	4.45926e-09	4.98657e-10	5.14269e-11	4.90722e-12	4.34534e-13	3.58043e-14	2.75205e-15	1.97783e-16	1.33187e-17	8.42051e-19	5.0075e-20	2.80581e-21	1.48372e-22	7.41584e-24	3.50831e-25	1.57306e-26	6.69344e-28	2.70598e-29	1.04054e-30	3.8099e-32	1.32961e-33	4.42692e-35	1.40748e-36	4.27678e-38	1.24303e-39	3.45839e-41	9.21752e-43	2.3551e-44	5.77234e-46	1.35807e-47	3.06889e-49	6.66205e-51	0	
0	0.0129909	0.0437174	0.11914	0.27522	0.536052	0.87754	1.21861	1.47733	1.62762	1.66046	1.54029	1.26681	0.879938	0.404331	-0.105648	-0.586775	-0.992597	-1.26933	-1.38702	-1.34447	-1.16662	-0.931616	-0.713191	-0.606748	-0.587049	-0.589296	-0.547141	-0.47667	-0.502399	-0.521099	-0.476654	-0.513629	-0.581613	-0.586895	-0.594527	-0.65446	-0.836573	-1.07484	-1.28593	-1.38803	-1.33695	-1.12001	-0.762512	-0.303188	0.199067	0.699588	1.1237	1.44656	1.63326	1.65624	1.54987	1.33515	1.0198	0.666282	0.366567	0.169854	0.0668071	0.022537	0.00659	0.0016868	0.000381307	7.67233e-05	1.38369e-05	2.25049e-06	3.31907e-07	4.4604e-08	5.48591e-09	6.19947e-10	6.46014e-11	6.22761e-12	5.57035e-13	4.63562e-14	3.5982e-15	2.61107e-16	1.77516e-17	1.13295e-18	6.80043e-20	3.84565e-21	2.05216e-22	1.03495e-23	4.93983e-25	2.23445e-26	9.59055e-28	3.91063e-29	1.51659e-30	5.59979e-32	1.97058e-33	6.61527e-35	2.12045e-36	6.49548e-38	1.90305e-39	5.33687e-41	1.43364e-42	3.69165e-44	9.11843e-46	2.16182e-47	4.92249e-49	1.07668e-50	0	
0	0.0137587	0.0460058	0.124442	0.285215	0.551082	0.895139	1.23445	1.48832	1.6325	1.65713	1.52676	1.24365	0.848075	0.365862	-0.146424	-0.626009	-1.02286	-1.28582	-1.38948	-1.32877	-1.13839	-0.897858	-0.688243	-0.586877	-0.569666	-0.569966	-0.541009	-0.502399	-0.515041	-0.523688	-0.500373	-0.523094	-0.562751	-0.569328	-0.575662	-0.633057	-0.805741	-1.04391	-1.26431	-1.38444	-1.34762	-1.14555	-0.798739	-0.343209	0.159369	0.664722	1.09688	1.42873	1.62601	1.65834	1.55853	1.34921	1.03725	0.682832	0.378663	0.176842	0.0700867	0.0238171	0.00701356	0.00180749	0.000411299	8.3293e-05	1.51166e-05	2.47387e-06	3.67072e-07	4.96253e-08	6.1395e-09	6.97844e-10	7.31359e-11	7.09026e-12	6.37739e-13	5.3365e-14	4.16476e-15	3.03842e-16	2.07664e-17	1.33228e-18	8.03809e-20	4.56862e-21	2.45016e-22	1.24177e-23	5.95581e-25	2.70692e-26	1.16733e-27	4.78204e-29	1.86303e-30	6.91002e-32	2.44246e-33	8.2353e-35	2.65112e-36	8.15556e-38	2.39943e-39	6.75662e-41	1.8224e-42	4.71147e-44	1.16833e-45	2.78065e-47	6.35578e-49	1.39542e-50	0	
0	0.0138906	0.0463971	0.125344	0.286904	0.553606	0.898073	1.23707	1.49012	1.63327	1.65655	1.52447	1.23947	0.842331	0.360125	-0.152072	-0.633028	-1.02859	-1.28958	-1.38837	-1.32402	-1.13513	-0.892127	-0.686773	-0.581724	-0.564886	-0.565898	-0.5458	-0.521099	-0.523688	-0.528037	-0.519026	-0.534252	-0.561409	-0.565632	-0.568794	-0.631065	-0.800441	-1.03981	-1.25868	-1.38193	-1.34763	-1.15187	-0.805082	-0.349487	0.151776	0.658883	1.09287	1.42574	1.62463	1.65862	1.55995	1.35154	1.04015	0.685604	0.380698	0.178023	0.0706432	0.0240351	0.00708596	0.00182819	0.00041646	8.44274e-05	1.53384e-05	2.5127e-06	3.73207e-07	5.05043e-08	6.25432e-09	7.11577e-10	7.46459e-11	7.24343e-12	6.5212e-13	5.46183e-14	4.26643e-15	3.11538e-16	2.13112e-17	1.36842e-18	8.26321e-20	4.70055e-21	2.52302e-22	1.27974e-23	6.14291e-25	2.79418e-26	1.2059e-27	4.94386e-29	1.92754e-30	7.15458e-32	2.53075e-33	8.53913e-35	2.75087e-36	8.46828e-38	2.49312e-39	7.02515e-41	1.89607e-42	4.90509e-44	1.21711e-45	2.89854e-47	6.62928e-49	1.45633e-50	0	
0	0.0133705	0.0448507	0.121772	0.280191	0.543545	0.886335	1.22655	1.48288	1.63013	1.65878	1.53341	1.25544	0.86456	0.385068	-0.126054	-0.60615	-1.01027	-1.27835	-1.38523	-1.33639	-1.15193	-0.915396	-0.701647	-0.599382	-0.583674	-0.57994	-0.53945	-0.476654	-0.500373	-0.519026	-0.476634	-0.507621	-0.572453	-0.581165	-0.589911	-0.643807	-0.823458	-1.05849	-1.2762	-1.38327	-1.34219	-1.1345	-0.782372	-0.323266	0.180823	0.682601	1.10984	1.43755	1.62982	1.6574	1.55425	1.34222	1.02855	0.674542	0.372576	0.173311	0.0684234	0.0231657	0.00679739	0.00174572	0.000395909	7.99138e-05	1.44569e-05	2.35847e-06	3.48868e-07	4.70209e-08	5.7999e-09	6.57299e-10	6.86865e-11	6.63983e-12	5.95538e-13	4.96948e-14	3.86768e-15	2.81406e-16	1.91817e-17	1.22738e-18	7.38606e-20	4.18734e-21	2.24006e-22	1.13249e-23	5.41848e-25	2.45683e-26	1.057e-27	4.32005e-29	1.67923e-30	6.21438e-32	2.19175e-33	7.37405e-35	2.36884e-36	7.27198e-38	2.13509e-39	6.00015e-41	1.61516e-42	4.16757e-44	1.03147e-45	2.45031e-47	5.59038e-49	1.22514e-50	0	
0	0.0122614	0.0415269	0.114018	0.265466	0.521218	0.859956	1.20259	1.46605	1.62233	1.66314	1.55308	1.28926	0.911129	0.443419	-0.0638313	-0.549701	-0.96134	-1.24909	-1.38384	-1.36028	-1.19595	-0.964246	-0.737848	-0.614241	-0.584422	-0.602499	-0.572729	-0.513629	-0.523094	-0.534252	-0.507621	-0.545661	-0.601515	-0.588747	-0.594351	-0.673927	-0.866424	-1.10904	-1.30607	-1.395	-1.32054	-1.09371	-0.726646	-0.261532	0.238749	0.733755	1.14989	1.46372	1.6399	1.6537	1.54091	1.32087	1.00231	0.64987	0.354687	0.16305	0.0636389	0.0213094	0.00618659	0.00157261	0.00035311	7.05858e-05	1.26487e-05	2.04438e-06	2.99658e-07	4.00272e-08	4.89377e-09	5.49798e-10	5.69615e-11	5.45994e-12	4.85635e-13	4.01911e-14	3.10266e-15	2.23938e-16	1.51439e-17	9.61456e-19	5.74124e-20	3.23011e-21	1.71501e-22	8.60617e-24	4.08757e-25	1.83998e-26	7.8596e-28	3.18966e-29	1.23121e-30	4.52504e-32	1.5851e-33	5.29718e-35	1.69038e-36	5.15519e-38	1.50378e-39	4.19893e-41	1.12314e-42	2.87986e-44	7.08351e-46	1.67241e-47	3.79247e-49	8.26147e-51	0	
0	0.0106951	0.0367669	0.102723	0.243605	0.487375	0.819061	1.16455	1.43853	1.60835	1.6672	1.58064	1.34007	0.982061	0.529785	0.0309894	-0.456668	-0.882481	-1.19791	-1.37095	-1.38387	-1.26092	-1.04456	-0.809597	-0.644989	-0.578659	-0.609609	-0.614391	-0.581613	-0.562751	-0.561409	-0.572453	-0.601515	-0.619285	-0.585255	-0.60323	-0.735446	-0.944331	-1.18579	-1.3457	-1.39788	-1.28305	-1.0262	-0.636582	-0.167886	0.330538	0.81306	1.20835	1.50082	1.65292	1.64602	1.5187	1.28657	0.961218	0.61215	0.327927	0.147997	0.0567427	0.0186771	0.00533351	0.00133429	0.000295	5.8089e-05	1.02577e-05	1.63429e-06	2.36202e-07	3.11185e-08	3.75332e-09	4.16082e-10	4.25452e-11	4.02564e-12	3.5352e-13	2.88911e-14	2.20278e-15	1.57048e-16	1.04925e-17	6.58213e-19	3.88417e-20	2.15984e-21	1.13354e-22	5.62337e-24	2.64069e-25	1.17538e-26	4.96505e-28	1.99281e-29	7.60841e-31	2.76607e-32	9.58542e-34	3.16919e-35	1.00062e-36	3.01953e-38	8.71603e-40	2.40846e-41	6.37565e-43	1.618e-44	3.93904e-46	9.20535e-48	2.0663e-49	4.45575e-51	0	
0	0.00885033	0.0310484	0.0888182	0.215952	0.443274	0.764031	1.11159	1.39869	1.58601	1.66807	1.61223	1.40295	1.07381	0.644077	0.15857	-0.327011	-0.772056	-1.11298	-1.3331	-1.39988	-1.3356	-1.1531	-0.932454	-0.726615	-0.610801	-0.583619	-0.58842	-0.586895	-0.569328	-0.565632	-0.581165	-0.588747	-0.585255	-0.5913	-0.667781	-0.844579	-1.06585	-1.27385	-1.38898	-1.37873	-1.21589	-0.924593	-0.510796	-0.0401487	0.453768	0.914321	1.28188	1.5461	1.66535	1.6317	1.48578	1.23805	0.905149	0.562397	0.293704	0.129272	0.048378	0.0155574	0.00434423	0.00106358	0.000230284	4.44351e-05	7.69322e-06	1.20234e-06	1.70535e-07	2.20571e-08	2.61279e-09	2.84559e-10	2.85944e-11	2.65966e-12	2.29658e-13	1.84595e-14	1.38456e-15	9.71312e-17	6.38671e-18	3.94388e-19	2.29136e-20	1.25468e-21	6.48534e-23	3.16918e-24	1.46617e-25	6.4302e-27	2.67673e-28	1.05886e-29	3.98479e-31	1.42812e-32	4.87917e-34	1.5906e-35	4.9522e-37	1.47376e-38	4.19562e-40	1.14352e-41	2.98596e-43	7.47521e-45	1.79535e-46	4.1394e-48	9.1675e-50	1.9506e-51	0	
0	0.00692413	0.0249209	0.0734409	0.184276	0.390768	0.695722	1.04295	1.34456	1.55248	1.66185	1.6435	1.47226	1.18007	0.784533	0.315089	-0.162625	-0.61775	-0.99206	-1.26096	-1.39226	-1.3904	-1.27299	-1.08489	-0.876527	-0.712316	-0.621182	-0.594295	-0.594527	-0.575662	-0.568794	-0.589911	-0.594351	-0.60323	-0.667781	-0.801865	-1.00177	-1.20216	-1.35666	-1.40536	-1.33145	-1.11321	-0.779527	-0.349889	0.122568	0.603077	1.0322	1.36732	1.59429	1.67213	1.60773	1.43996	1.17389	0.834308	0.502236	0.253936	0.108278	0.0393002	0.0122722	0.00333155	0.000793797	0.000167426	3.14972e-05	5.32072e-06	8.11898e-07	1.12504e-07	1.42241e-08	1.64788e-09	1.75607e-10	1.72739e-11	1.57344e-12	1.33102e-13	1.04845e-14	7.70932e-16	5.30356e-17	3.42072e-18	2.0726e-19	1.18181e-20	6.35263e-22	3.2242e-23	1.54739e-24	7.03219e-26	3.03017e-27	1.23956e-28	4.81941e-30	1.78291e-31	6.28239e-33	2.11062e-34	6.7669e-36	2.07229e-37	6.0668e-39	1.69927e-40	4.55716e-42	1.17103e-43	2.88525e-45	6.82071e-47	1.54803e-48	3.37514e-50	7.07049e-52	0	
0	0.00509927	0.0189289	0.0578131	0.150672	0.332364	0.615727	0.958191	1.27417	1.50477	1.64338	1.66852	1.54417	1.293	0.940434	0.501345	0.0361427	-0.42344	-0.826981	-1.1377	-1.33475	-1.41079	-1.37054	-1.24565	-1.07113	-0.903876	-0.770739	-0.695507	-0.65446	-0.633057	-0.631065	-0.643807	-0.673927	-0.735446	-0.844579	-1.00177	-1.17926	-1.32903	-1.40753	-1.38015	-1.23086	-0.963684	-0.59496	-0.150074	0.314991	0.772166	1.16405	1.45781	1.63718	1.66838	1.57122	1.37865	1.09275	0.749608	0.434044	0.210985	0.086572	0.0302814	0.009127	0.00239511	0.000552408	0.000112923	2.06121e-05	3.3818e-06	5.01647e-07	6.76301e-08	8.32529e-09	9.39725e-10	9.76318e-11	9.36842e-12	8.32891e-13	6.88023e-14	5.29487e-15	3.80538e-16	2.5598e-17	1.61503e-18	9.57552e-20	5.34477e-21	2.81327e-22	1.39858e-23	6.57661e-25	2.92921e-26	1.23736e-27	4.96336e-29	1.89272e-30	6.86912e-32	2.37504e-33	7.83099e-35	2.46458e-36	7.41019e-38	2.1303e-39	5.86029e-41	1.54381e-42	3.89741e-44	9.43549e-46	2.19201e-47	4.88965e-49	1.04793e-50	2.15817e-52	0	
0	0.00351658	0.013534	0.0430923	0.117388	0.271203	0.526677	0.857627	1.18558	1.44041	1.60843	1.67859	1.61003	1.40877	1.10559	0.706421	0.262828	-0.187652	-0.609295	-0.960045	-1.22242	-1.36809	-1.4148	-1.36551	-1.25758	-1.11921	-0.988867	-0.893674	-0.836573	-0.805741	-0.800441	-0.823458	-0.866424	-0.944331	-1.06585	-1.20216	-1.32903	-1.40355	-1.39976	-1.29285	-1.07869	-0.75818	-0.362839	0.0821907	0.532078	0.956042	1.29939	1.54328	1.66833	1.64988	1.51856	1.29894	0.993969	0.653078	0.361006	0.167507	0.0656994	0.0220083	0.00636544	0.00160595	0.000356717	7.03366e-05	1.24014e-05	1.96787e-06	2.82648e-07	3.69353e-08	4.41133e-09	4.83524e-10	4.88209e-11	4.55618e-12	3.94222e-13	3.17141e-14	2.37826e-15	1.66648e-16	1.09353e-17	6.73354e-19	3.89817e-20	2.12545e-21	1.09329e-22	5.31353e-24	2.44357e-25	1.06476e-26	4.40168e-28	1.72843e-29	6.45423e-31	2.29437e-32	7.77233e-34	2.51146e-35	7.74791e-37	2.28403e-38	6.4393e-40	1.73753e-41	4.49062e-43	1.11242e-44	2.6431e-46	6.02727e-48	1.31995e-49	2.77763e-51	5.61775e-53	0	
0	0.00225736	0.00905281	0.0302189	0.0865687	0.210871	0.432466	0.742978	1.07717	1.35652	1.55409	1.66763	1.65949	1.51582	1.26923	0.924137	0.513766	0.0825384	-0.347094	-0.722194	-1.0299	-1.24861	-1.3746	-1.41263	-1.38242	-1.30865	-1.21884	-1.13821	-1.07484	-1.04391	-1.03981	-1.05849	-1.10904	-1.18579	-1.27385	-1.35666	-1.40753	-1.39976	-1.30942	-1.12934	-0.853604	-0.504801	-0.0929766	0.343882	0.763795	1.14175	1.42891	1.61644	1.68076	1.61139	1.44597	1.19855	0.878263	0.548117	0.287001	0.126211	0.0470093	0.014991	0.00413779	0.000998565	0.000212614	4.02628e-05	6.82963e-06	1.04424e-06	1.44724e-07	1.82716e-08	2.11082e-09	2.24031e-10	2.19244e-11	1.98493e-12	1.66751e-13	1.30346e-14	9.50459e-16	6.48026e-17	4.14013e-18	2.48353e-19	1.40141e-20	7.4518e-22	3.73988e-23	1.77426e-24	7.96812e-26	3.392e-27	1.37045e-28	5.26131e-30	1.92146e-31	6.6825e-33	2.21538e-34	7.00761e-36	2.11688e-37	6.11218e-39	1.68819e-40	4.46384e-42	1.13077e-43	2.74612e-45	6.39787e-47	1.43086e-48	3.07373e-50	6.34591e-52	1.25941e-53	0	
