0	0	0	0	0	0	0	0	0	0	0	0	0	0	0	0	0	0	0	0	0	0	0	0	0	0	0	0	0	0	0	0	0	0	0	0	0	0	0	0	0	0	0	0	0	0	0	0	0	0	0	0	0	0	0	0	0	0	0	0	0	0	0	0	0	0	0	0	0	0	0	0	0	0	0	0	0	0	0	0	0	0	0	0	0	0	0	0	0	0	0	0	0	0	0	0	0	0	0	0	
0	-0.000238448	0.000251477	-0.000476986	0.000118803	-0.000393323	-0.000786161	-0.00105016	-0.00291024	-0.00433725	-0.00761916	-0.011563	-0.016625	-0.0228868	-0.0282418	-0.0345299	-0.0351525	-0.0337299	-0.025055	-0.00796491	0.0115844	0.0351554	0.0567297	0.0680268	0.0706825	0.0638317	0.0476297	0.0309704	0.0134009	-0.0021573	-0.0153505	-0.028797	-0.0363657	-0.0335187	-0.023252	-0.0112282	0.000142802	0.00653085	0.00625488	0.00432814	-9.98163e-05	-0.00595017	-0.00878848	-0.00720532	-0.00307378	0.00389385	0.00438727	-0.00201217	-0.00480779	-0.0039193	-0.00235856	-0.000347158	0.00103846	0.000840192	-0.00300017	-0.00311628	-0.00147202	0.00313747	0.000547757	-0.00186701	-0.0010854	-0.000176394	0.00100179	3.216e-05	-0.000166945	-0.0021968	7.39723e-05	0.00285915	0.00326041	0.00366838	0.00721972	0.0153636	0.0206089	0.0239341	0.0300715	0.0351266	0.0347738	0.0294682	0.0147733	-0.00620207	-0.0269098	-0.0473906	-0.0631218	-0.0733012	-0.0716692	-0.0553073	-0.0365209	-0.0189718	-0.00426373	0.00727794	0.0199627	0.0305645	0.0367552	0.0336627	0.0176394	-0.00078891	-0.0126856	-0.0152435	-0.00888302	0	
0	0.000251477	-0.000545956	-3.51375e-05	-0.000659144	-0.00170282	-0.00140482	-0.00400768	-0.00517373	-0.00824833	-0.0139528	-0.0202959	-0.0299138	-0.0435204	-0.05432	-0.0676968	-0.0731101	-0.0684841	-0.0517926	-0.019686	0.0241758	0.0709367	0.111415	0.135768	0.139413	0.123427	0.0919638	0.0619411	0.027082	-0.00419873	-0.0345346	-0.0584542	-0.0724718	-0.0687917	-0.0511501	-0.0226513	0.00048052	0.0106053	0.00913319	0.00810219	5.99118e-05	-0.0124519	-0.0185817	-0.0143535	-0.00612002	0.00844204	0.00840683	-0.00201899	-0.00887032	-0.00568695	-0.00371061	0.000832139	0.00370299	0.00179159	-0.0040285	-0.00724	-0.00230936	0.00425434	-0.000148123	-0.004849	-0.00455091	-0.00117764	0.000571008	0.000295993	0.000157754	-0.00277509	0.00169244	0.00753887	0.0077295	0.00701528	0.0148397	0.0279526	0.0391623	0.0474177	0.0577884	0.0718283	0.0717695	0.0590677	0.0322049	-0.0121081	-0.0561952	-0.0950822	-0.12707	-0.14667	-0.14066	-0.108611	-0.0730299	-0.0402924	-0.0110185	0.0154842	0.040775	0.0591025	0.0730505	0.0695898	0.0356131	-0.00373855	-0.025788	-0.0284977	-0.0162319	0	
0	-0.000476986	-3.51375e-05	-0.00119302	-0.000468194	-0.00177688	-0.00249665	-0.00432223	-0.00849903	-0.0132923	-0.0228066	-0.033806	-0.0495929	-0.0678275	-0.0846816	-0.10292	-0.106719	-0.101413	-0.0761521	-0.0264285	0.0332489	0.102921	0.165793	0.201152	0.209374	0.188562	0.142335	0.093776	0.0407207	-0.0062821	-0.0470634	-0.0856202	-0.108115	-0.101113	-0.0726014	-0.0357979	-0.00213619	0.0168221	0.0168658	0.0118335	-0.000934184	-0.0178534	-0.0261811	-0.0224111	-0.00981233	0.0099521	0.0116825	-0.00530814	-0.0137968	-0.0116471	-0.00748274	-0.00116343	0.00273073	0.00168145	-0.00798114	-0.00967785	-0.00431675	0.00720466	0.00130354	-0.00512649	-0.00428114	-0.000876564	0.00220065	0.000562175	-0.000574202	-0.00594535	0.00089312	0.00848755	0.00967462	0.0112154	0.0218672	0.0444167	0.0607757	0.0715971	0.0890826	0.105197	0.104682	0.087629	0.0449011	-0.0169201	-0.079483	-0.139987	-0.187903	-0.218293	-0.212325	-0.16579	-0.111661	-0.0595721	-0.0148901	0.0210899	0.0587692	0.0901584	0.108972	0.100238	0.0533747	-0.00149148	-0.0363339	-0.0433257	-0.0256375	0	
0	0.000118803	-0.000659144	-0.000468194	-0.00146428	-0.0028135	-0.00402999	-0.0075088	-0.0116161	-0.0183127	-0.028908	-0.0436809	-0.0620587	-0.0881637	-0.110653	-0.135281	-0.145274	-0.137545	-0.104576	-0.0415465	0.0418381	0.134642	0.215905	0.264886	0.274574	0.245615	0.185407	0.122305	0.0546156	-0.00722132	-0.065983	-0.116039	-0.143724	-0.138457	-0.103152	-0.0506959	-0.00485968	0.0164173	0.0171362	0.0133786	-0.00191648	-0.0246631	-0.0365919	-0.0307071	-0.0143944	0.0121876	0.013352	-0.00502004	-0.0172453	-0.0139441	-0.00907277	-0.000632474	0.00487263	0.00199481	-0.00844484	-0.0131046	-0.00579908	0.00654666	0.00014372	-0.00805754	-0.00812614	-0.00337451	0.00108605	0.000829489	-0.0011505	-0.00541695	0.00271314	0.0129548	0.0147004	0.014898	0.0300418	0.0559514	0.0775434	0.0944753	0.115731	0.140148	0.141641	0.11719	0.0626553	-0.0199344	-0.105657	-0.185823	-0.250925	-0.289582	-0.279073	-0.219406	-0.148817	-0.0824682	-0.0252541	0.0264113	0.0780544	0.117878	0.144132	0.134957	0.0715483	-0.00341918	-0.0472259	-0.0535473	-0.0315931	0	
0	-0.000393323	-0.00170282	-0.00177688	-0.0028135	-0.00461796	-0.00543927	-0.0102896	-0.0150412	-0.0240594	-0.0388779	-0.0563027	-0.0828527	-0.11243	-0.142311	-0.170805	-0.181887	-0.171459	-0.131223	-0.0528713	0.0475559	0.161153	0.261611	0.323479	0.338887	0.304735	0.233906	0.155723	0.0684255	-0.0108899	-0.0815115	-0.142554	-0.178799	-0.171743	-0.129751	-0.0688374	-0.0135993	0.0175966	0.0210722	0.013993	-0.0051447	-0.0311997	-0.0446313	-0.0409013	-0.0198571	0.00954219	0.0133973	-0.00845557	-0.0222794	-0.0206165	-0.0144117	-0.00387197	0.00228206	-0.000263641	-0.0115581	-0.0167144	-0.00803369	0.00595956	0.000597542	-0.00768984	-0.00949776	-0.00324601	0.00146688	0.00123437	-0.00166928	-0.00798834	0.00259602	0.0134133	0.0158141	0.0194376	0.0371698	0.0697663	0.0977342	0.118527	0.145606	0.173307	0.174634	0.144046	0.076181	-0.0223648	-0.127201	-0.226674	-0.308158	-0.357915	-0.346489	-0.276356	-0.191642	-0.10705	-0.0319892	0.0316282	0.0942011	0.146039	0.177258	0.163491	0.0900282	0.00144643	-0.0544456	-0.0650207	-0.039493	0	
0	-0.000786161	-0.00140482	-0.00249665	-0.00402999	-0.00543927	-0.00943121	-0.0131265	-0.0212043	-0.0322514	-0.0478511	-0.0717149	-0.0997539	-0.136304	-0.171878	-0.205378	-0.219968	-0.210004	-0.162387	-0.0720176	0.0468266	0.1817	0.302544	0.377997	0.396803	0.359307	0.276494	0.179035	0.079398	-0.0122743	-0.098092	-0.173776	-0.216252	-0.212507	-0.162901	-0.0909605	-0.025062	0.00999744	0.0172495	0.0106082	-0.0106229	-0.0396724	-0.0569987	-0.0525246	-0.0288221	0.00495144	0.00960628	-0.0115681	-0.0273558	-0.0271435	-0.0192939	-0.00735969	-0.000172037	-0.00242521	-0.0144468	-0.0194254	-0.0116846	0.00310143	-0.000484838	-0.0103736	-0.0117313	-0.0069916	3.71985e-06	0.000909896	-0.00429014	-0.00759898	0.00277113	0.0149637	0.0197718	0.0239514	0.0455721	0.0820102	0.113956	0.140767	0.172932	0.204068	0.207913	0.172749	0.0924863	-0.0213893	-0.145347	-0.267335	-0.367745	-0.424764	-0.411672	-0.332905	-0.230904	-0.130817	-0.0454555	0.0310903	0.108819	0.173381	0.210685	0.193495	0.107829	0.00413743	-0.0603115	-0.0717455	-0.0440441	0	
0	-0.00105016	-0.00400768	-0.00432223	-0.0075088	-0.0102896	-0.0131265	-0.0203706	-0.0276129	-0.0410258	-0.0605651	-0.0860912	-0.12159	-0.162894	-0.206373	-0.243847	-0.26429	-0.250586	-0.197008	-0.0952624	0.0426846	0.196685	0.332718	0.422019	0.447608	0.404788	0.315157	0.207565	0.0905501	-0.0210263	-0.122428	-0.205868	-0.254735	-0.252341	-0.201163	-0.121285	-0.0461433	-0.00176962	0.00994734	0.00190778	-0.0207017	-0.052074	-0.0706911	-0.0682901	-0.0406677	-0.00601732	0.00167578	-0.0179007	-0.0351657	-0.0363001	-0.0277499	-0.014231	-0.00592897	-0.00868761	-0.0181403	-0.0254168	-0.016282	-0.0027895	-0.00400721	-0.0121784	-0.0164745	-0.00958178	-0.00250879	-0.000692763	-0.00526248	-0.00846362	0.00307346	0.0156281	0.0209624	0.0285217	0.0530009	0.0915404	0.129893	0.163653	0.199948	0.236079	0.241385	0.198552	0.108722	-0.0199862	-0.164898	-0.304055	-0.420443	-0.487403	-0.472926	-0.388278	-0.277208	-0.163331	-0.0591223	0.0347999	0.123374	0.196973	0.239078	0.219357	0.126846	0.0122966	-0.0624272	-0.0778934	-0.0488189	0	
0	-0.00291024	-0.00517373	-0.00849903	-0.0116161	-0.0150412	-0.0212043	-0.0276129	-0.0392806	-0.0552311	-0.0777293	-0.109254	-0.149133	-0.195323	-0.244982	-0.286355	-0.308197	-0.295562	-0.236425	-0.124817	0.0271123	0.197721	0.35398	0.457951	0.48954	0.447958	0.3503	0.223136	0.0921113	-0.0307314	-0.144293	-0.241233	-0.299972	-0.301269	-0.245018	-0.157558	-0.075302	-0.0233956	-0.0061003	-0.0131789	-0.0370627	-0.0685717	-0.0902548	-0.088522	-0.059293	-0.0241416	-0.0133233	-0.0301598	-0.0475877	-0.0510242	-0.0412372	-0.0265612	-0.0180869	-0.0183128	-0.0271337	-0.0324228	-0.0244759	-0.011268	-0.00835055	-0.0167786	-0.0196067	-0.0143497	-0.00627118	-0.00372483	-0.00959788	-0.00995052	0.000516244	0.0129562	0.0215022	0.0331744	0.060603	0.102869	0.145704	0.185258	0.227445	0.263551	0.269322	0.224337	0.124755	-0.0156765	-0.175762	-0.336335	-0.472601	-0.547668	-0.535132	-0.447197	-0.321502	-0.191427	-0.0751641	0.0297867	0.131741	0.220713	0.268579	0.243592	0.144249	0.0215021	-0.0614084	-0.0802084	-0.0506773	0	
0	-0.00433725	-0.00824833	-0.0132923	-0.0183127	-0.0240594	-0.0322514	-0.0410258	-0.0552311	-0.0733896	-0.0992564	-0.134927	-0.17922	-0.232649	-0.289108	-0.336459	-0.364462	-0.351993	-0.287411	-0.168277	0.00103802	0.187974	0.35939	0.4763	0.514825	0.472504	0.370321	0.233464	0.0902072	-0.0510344	-0.181956	-0.288207	-0.351969	-0.357166	-0.301715	-0.20964	-0.119745	-0.0589801	-0.0354467	-0.0405019	-0.0642043	-0.0953505	-0.119457	-0.116973	-0.0872159	-0.0519777	-0.0381445	-0.0490958	-0.0661884	-0.070342	-0.0595194	-0.0444017	-0.0344346	-0.0333508	-0.0391176	-0.0441271	-0.0368131	-0.0251712	-0.0193943	-0.0263937	-0.0285281	-0.0233443	-0.0145361	-0.0108311	-0.0147122	-0.0111206	-0.00189639	0.0110198	0.0220767	0.0367809	0.0670627	0.109423	0.156537	0.204985	0.252176	0.291432	0.299325	0.250073	0.143477	-0.0102996	-0.189373	-0.367732	-0.519909	-0.602018	-0.591007	-0.502484	-0.369661	-0.229527	-0.0972323	0.0273814	0.142545	0.239964	0.291493	0.264632	0.162357	0.0346692	-0.0557863	-0.0801053	-0.0518592	0	
0	-0.00761916	-0.0139528	-0.0228066	-0.028908	-0.0388779	-0.0478511	-0.0605651	-0.0777293	-0.0992564	-0.131243	-0.170907	-0.222698	-0.281231	-0.344364	-0.39537	-0.427396	-0.413763	-0.347125	-0.220519	-0.0404521	0.160319	0.346977	0.478641	0.527014	0.487856	0.381084	0.232933	0.0750812	-0.0814529	-0.224255	-0.339791	-0.414097	-0.423963	-0.369011	-0.273865	-0.178217	-0.108092	-0.0772399	-0.0808856	-0.102037	-0.132867	-0.156862	-0.15607	-0.125586	-0.0932803	-0.0747662	-0.0804557	-0.0960461	-0.100382	-0.0894814	-0.073989	-0.0629441	-0.0592025	-0.0610749	-0.0641941	-0.0564917	-0.0450517	-0.0366273	-0.0395832	-0.0403684	-0.0340904	-0.0256022	-0.0227748	-0.0222992	-0.0174583	-0.009488	0.00383954	0.0171523	0.0387258	0.0718379	0.115889	0.168566	0.224371	0.276768	0.31598	0.323097	0.271989	0.16091	-0.00273549	-0.197098	-0.392399	-0.560644	-0.653274	-0.648273	-0.55986	-0.419568	-0.267605	-0.118801	0.0205325	0.146558	0.255882	0.312631	0.28302	0.179968	0.0508648	-0.0466946	-0.0767572	-0.0497665	0	
0	-0.011563	-0.0202959	-0.033806	-0.0436809	-0.0563027	-0.0717149	-0.0860912	-0.109254	-0.134927	-0.170907	-0.217122	-0.273996	-0.33963	-0.40904	-0.468046	-0.502454	-0.493887	-0.422709	-0.292199	-0.0988846	0.111838	0.315145	0.459754	0.515028	0.482012	0.375078	0.215452	0.0457895	-0.122993	-0.280374	-0.407752	-0.490404	-0.505194	-0.453156	-0.355447	-0.257058	-0.178147	-0.141287	-0.137102	-0.158068	-0.185222	-0.212367	-0.207704	-0.180796	-0.149324	-0.127879	-0.126434	-0.138439	-0.1419	-0.130206	-0.11487	-0.102665	-0.0944637	-0.0938811	-0.0929045	-0.0853437	-0.075247	-0.0629503	-0.0652382	-0.0598368	-0.0538094	-0.0463838	-0.0407861	-0.0372829	-0.0266404	-0.0201372	-0.00727377	0.011752	0.0373429	0.0728503	0.118907	0.174702	0.238644	0.298504	0.33804	0.344297	0.295228	0.180587	0.00435104	-0.203178	-0.41476	-0.599391	-0.698373	-0.69953	-0.616712	-0.471106	-0.308398	-0.146236	0.00904729	0.149293	0.26877	0.329175	0.298519	0.196397	0.0693252	-0.0320583	-0.0693019	-0.046626	0	
0	-0.016625	-0.0299138	-0.0495929	-0.0620587	-0.0828527	-0.0997539	-0.12159	-0.149133	-0.17922	-0.222698	-0.273996	-0.337289	-0.411194	-0.486468	-0.551011	-0.592376	-0.583089	-0.513216	-0.376541	-0.176869	0.047686	0.261813	0.418696	0.486136	0.459403	0.348778	0.1878	0.0094046	-0.178366	-0.350453	-0.486608	-0.576224	-0.596994	-0.549391	-0.456667	-0.353429	-0.266466	-0.219593	-0.213548	-0.228436	-0.255239	-0.279072	-0.275502	-0.250338	-0.222626	-0.197872	-0.189507	-0.197638	-0.197867	-0.186824	-0.172199	-0.157514	-0.146665	-0.140885	-0.136311	-0.127814	-0.115837	-0.104744	-0.100079	-0.0909657	-0.0826776	-0.0748841	-0.0710661	-0.0578432	-0.0450117	-0.0395173	-0.023463	-0.00184322	0.0305341	0.0698793	0.116583	0.177277	0.250051	0.315433	0.355777	0.362555	0.314043	0.198386	0.0142616	-0.208966	-0.434962	-0.628727	-0.738585	-0.750656	-0.67023	-0.523723	-0.356772	-0.178036	-0.00216826	0.150618	0.275809	0.338592	0.309793	0.213464	0.092172	-0.0130033	-0.0590354	-0.0416978	0	
0	-0.0228868	-0.0435204	-0.0678275	-0.0881637	-0.11243	-0.136304	-0.162894	-0.195323	-0.232649	-0.281231	-0.33963	-0.411194	-0.49081	-0.57373	-0.644973	-0.688108	-0.683482	-0.611477	-0.4728	-0.266111	-0.0354336	0.191191	0.361138	0.439383	0.421928	0.317671	0.149085	-0.0438531	-0.241402	-0.422259	-0.570667	-0.671027	-0.699459	-0.658616	-0.566608	-0.462614	-0.370543	-0.31828	-0.302214	-0.313532	-0.337071	-0.360971	-0.355073	-0.334703	-0.310394	-0.284043	-0.270658	-0.272292	-0.269861	-0.259111	-0.246076	-0.229919	-0.215428	-0.205952	-0.196536	-0.185132	-0.173265	-0.1604	-0.151685	-0.135102	-0.12279	-0.117948	-0.110311	-0.0909832	-0.0744431	-0.067552	-0.0518543	-0.0234709	0.0144974	0.0569935	0.109062	0.174275	0.254754	0.328401	0.368977	0.373261	0.329057	0.214148	0.0206078	-0.212263	-0.448154	-0.653952	-0.774708	-0.797643	-0.726809	-0.5807	-0.402095	-0.209001	-0.0210718	0.1436	0.277425	0.344793	0.320324	0.230111	0.114605	0.00889093	-0.0431684	-0.0327918	0	
0	-0.0282418	-0.05432	-0.0846816	-0.110653	-0.142311	-0.171878	-0.206373	-0.244982	-0.289108	-0.344364	-0.40904	-0.486468	-0.57373	-0.661927	-0.740143	-0.78923	-0.786928	-0.717689	-0.575422	-0.364219	-0.123723	0.113368	0.294532	0.383914	0.376679	0.273408	0.107739	-0.0888292	-0.300057	-0.498134	-0.657825	-0.765174	-0.799826	-0.766087	-0.682921	-0.581986	-0.485346	-0.423108	-0.400811	-0.408122	-0.429828	-0.449975	-0.444179	-0.428962	-0.408951	-0.383683	-0.365496	-0.361104	-0.353606	-0.344828	-0.332787	-0.315785	-0.298668	-0.285402	-0.271433	-0.256924	-0.244702	-0.23314	-0.219988	-0.196606	-0.18117	-0.17729	-0.167557	-0.140033	-0.118585	-0.109702	-0.0893067	-0.055171	-0.0117354	0.0359868	0.0912075	0.161234	0.248863	0.329399	0.373148	0.378853	0.340431	0.227412	0.0273029	-0.21694	-0.463747	-0.675602	-0.805886	-0.841544	-0.778087	-0.635411	-0.455302	-0.250649	-0.0426521	0.13781	0.275026	0.342976	0.324194	0.244588	0.141297	0.0383291	-0.0244243	-0.0263799	0	
0	-0.0345299	-0.0676968	-0.10292	-0.135281	-0.170805	-0.205378	-0.243847	-0.286355	-0.336459	-0.39537	-0.468046	-0.551011	-0.644973	-0.740143	-0.822706	-0.874994	-0.8753	-0.806247	-0.660937	-0.450978	-0.202459	0.040548	0.231971	0.336445	0.341251	0.246976	0.0819401	-0.124414	-0.347173	-0.552345	-0.724936	-0.83985	-0.885945	-0.862138	-0.789522	-0.68721	-0.591183	-0.523115	-0.495956	-0.495155	-0.515084	-0.531695	-0.528561	-0.518268	-0.504293	-0.482813	-0.463706	-0.452819	-0.442879	-0.435892	-0.428116	-0.411303	-0.394893	-0.379371	-0.361231	-0.344783	-0.330882	-0.322585	-0.303678	-0.274059	-0.254145	-0.250079	-0.23793	-0.20357	-0.179023	-0.166973	-0.143525	-0.103867	-0.0556483	-0.00210208	0.0611517	0.137237	0.233297	0.321926	0.367593	0.375831	0.341441	0.229544	0.0281007	-0.223325	-0.475152	-0.689842	-0.833891	-0.885234	-0.832805	-0.695413	-0.507522	-0.289675	-0.0693267	0.122048	0.263256	0.334527	0.327531	0.262253	0.167117	0.0657146	-0.00105926	-0.0129726	0	
0	-0.0351525	-0.0731101	-0.106719	-0.145274	-0.181887	-0.219968	-0.26429	-0.308197	-0.364462	-0.427396	-0.502454	-0.592376	-0.688108	-0.78923	-0.874994	-0.932294	-0.933997	-0.867237	-0.72208	-0.507691	-0.254919	-0.00509136	0.197866	0.314349	0.327939	0.245716	0.0861687	-0.124055	-0.354112	-0.573734	-0.758216	-0.883626	-0.938996	-0.926021	-0.860763	-0.770133	-0.677671	-0.60402	-0.566758	-0.563447	-0.582284	-0.595817	-0.5956	-0.59046	-0.58531	-0.57042	-0.553448	-0.537214	-0.52506	-0.521641	-0.517144	-0.504007	-0.489876	-0.472894	-0.454544	-0.433654	-0.424054	-0.417274	-0.397481	-0.365317	-0.340591	-0.339997	-0.323232	-0.286392	-0.25865	-0.240218	-0.212918	-0.167258	-0.11413	-0.054405	0.0155023	0.0990612	0.200265	0.294763	0.348446	0.360592	0.332227	0.226117	0.0218644	-0.235193	-0.488395	-0.707672	-0.862449	-0.923959	-0.883962	-0.755367	-0.56471	-0.337829	-0.103052	0.101471	0.24655	0.321744	0.325854	0.274338	0.192663	0.0998567	0.0264704	-0.00209252	0	
0	-0.0337299	-0.0684841	-0.101413	-0.137545	-0.171459	-0.210004	-0.250586	-0.295562	-0.351993	-0.413763	-0.493887	-0.583089	-0.683482	-0.786928	-0.8753	-0.933997	-0.938452	-0.872377	-0.7267	-0.515093	-0.258422	-0.00384564	0.206957	0.335695	0.365228	0.293016	0.137107	-0.073743	-0.309911	-0.541458	-0.739054	-0.872814	-0.939232	-0.938461	-0.890547	-0.807845	-0.718125	-0.640823	-0.602078	-0.594156	-0.608028	-0.619457	-0.623812	-0.625701	-0.628266	-0.625228	-0.612025	-0.59414	-0.582089	-0.582583	-0.584247	-0.577863	-0.56946	-0.555905	-0.53745	-0.518615	-0.512056	-0.510048	-0.492805	-0.458506	-0.435355	-0.432923	-0.415578	-0.380609	-0.348713	-0.327924	-0.295988	-0.246679	-0.191788	-0.124828	-0.0466644	0.0436038	0.150987	0.252062	0.311061	0.331506	0.308979	0.203659	0.00463903	-0.251205	-0.506131	-0.725656	-0.889559	-0.96675	-0.940712	-0.817245	-0.622762	-0.389552	-0.144271	0.0719113	0.221654	0.30005	0.318357	0.287955	0.220119	0.132233	0.0543247	0.0117706	0	
0	-0.025055	-0.0517926	-0.0761521	-0.104576	-0.131223	-0.162387	-0.197008	-0.236425	-0.287411	-0.347125	-0.422709	-0.513216	-0.611477	-0.717689	-0.806247	-0.867237	-0.872377	-0.807088	-0.661666	-0.450767	-0.191573	0.0627005	0.279778	0.41974	0.45747	0.401306	0.256331	0.045119	-0.199356	-0.442009	-0.650426	-0.795584	-0.875575	-0.889077	-0.852313	-0.7825	-0.703431	-0.627634	-0.582205	-0.568433	-0.580426	-0.590603	-0.60042	-0.605336	-0.620721	-0.629221	-0.624951	-0.606768	-0.598148	-0.602539	-0.611295	-0.615374	-0.615684	-0.608	-0.593932	-0.578878	-0.578924	-0.583178	-0.570848	-0.542653	-0.520921	-0.519582	-0.504556	-0.474243	-0.444526	-0.419836	-0.3865	-0.338242	-0.281107	-0.210539	-0.126026	-0.0277364	0.0836802	0.188904	0.25762	0.28792	0.267997	0.166379	-0.027389	-0.281948	-0.531591	-0.750237	-0.922691	-1.00901	-0.995838	-0.883968	-0.690277	-0.44882	-0.192281	0.0314388	0.185947	0.273323	0.308843	0.297282	0.241697	0.162804	0.0858882	0.0297756	0	
0	-0.00796491	-0.019686	-0.0264285	-0.0415465	-0.0528713	-0.0720176	-0.0952624	-0.124817	-0.168277	-0.220519	-0.292199	-0.376541	-0.4728	-0.575422	-0.660937	-0.72208	-0.7267	-0.661666	-0.522922	-0.311892	-0.0577503	0.197433	0.420979	0.569494	0.619573	0.577265	0.435124	0.227386	-0.0176952	-0.271929	-0.492702	-0.651023	-0.743917	-0.77099	-0.750022	-0.698468	-0.628242	-0.553186	-0.504862	-0.489504	-0.4947	-0.504161	-0.515886	-0.527351	-0.55192	-0.575482	-0.578703	-0.565709	-0.560399	-0.567655	-0.584381	-0.599171	-0.611382	-0.610316	-0.604202	-0.595526	-0.604531	-0.615717	-0.613981	-0.596418	-0.582225	-0.58369	-0.574975	-0.557298	-0.5307	-0.507315	-0.474979	-0.428983	-0.373741	-0.299598	-0.211935	-0.109114	0.00406403	0.108511	0.184706	0.224059	0.207028	0.109727	-0.0759315	-0.320519	-0.564443	-0.786574	-0.963942	-1.05968	-1.06106	-0.954743	-0.759564	-0.515677	-0.254265	-0.0232395	0.141335	0.239556	0.290347	0.300524	0.263244	0.193738	0.114212	0.0443361	0	
0	0.0115844	0.0241758	0.0332489	0.0418381	0.0475559	0.0468266	0.0426846	0.0271123	0.00103802	-0.0404521	-0.0988846	-0.176869	-0.266111	-0.364219	-0.450978	-0.507691	-0.515093	-0.450767	-0.311892	-0.103969	0.145631	0.400231	0.622183	0.772433	0.833622	0.80235	0.672974	0.471301	0.220807	-0.0448162	-0.276242	-0.450371	-0.554662	-0.597198	-0.593611	-0.559485	-0.497827	-0.430428	-0.380507	-0.359263	-0.354927	-0.363652	-0.375769	-0.389206	-0.422929	-0.457884	-0.470557	-0.463785	-0.462213	-0.471641	-0.493877	-0.522916	-0.54462	-0.556012	-0.557563	-0.560571	-0.578842	-0.597647	-0.609973	-0.605726	-0.602631	-0.606214	-0.608005	-0.603682	-0.585546	-0.566826	-0.540787	-0.505132	-0.454125	-0.386012	-0.29985	-0.195154	-0.0848111	0.0213085	0.103143	0.150136	0.135992	0.036224	-0.142754	-0.375904	-0.616203	-0.836637	-1.0131	-1.11688	-1.12938	-1.03237	-0.843341	-0.59613	-0.328826	-0.0924386	0.0842776	0.196893	0.264583	0.29743	0.277889	0.217188	0.140531	0.0628964	0	
0	0.0351554	0.0709367	0.102921	0.134642	0.161153	0.1817	0.196685	0.197721	0.187974	0.160319	0.111838	0.047686	-0.0354336	-0.123723	-0.202459	-0.254919	-0.258422	-0.191573	-0.0577503	0.145631	0.390568	0.638207	0.860029	1.01643	1.08698	1.06622	0.94526	0.749914	0.49635	0.22356	-0.0205778	-0.206539	-0.328469	-0.387635	-0.400767	-0.38107	-0.337614	-0.277776	-0.226041	-0.196902	-0.186145	-0.191488	-0.199058	-0.213936	-0.25343	-0.298012	-0.317866	-0.319401	-0.320455	-0.327608	-0.355165	-0.391281	-0.423806	-0.442506	-0.45258	-0.466145	-0.489568	-0.517487	-0.540385	-0.554535	-0.563513	-0.57305	-0.590192	-0.601969	-0.597555	-0.589086	-0.574211	-0.549507	-0.507104	-0.445192	-0.365257	-0.266017	-0.158842	-0.0614711	0.0188322	0.069342	0.0497327	-0.049919	-0.219619	-0.441923	-0.675461	-0.896668	-1.07666	-1.18724	-1.20891	-1.12009	-0.936706	-0.689379	-0.419533	-0.178974	0.00958039	0.141358	0.231265	0.285415	0.282464	0.233182	0.162349	0.0797802	0	
0	0.0567297	0.111415	0.165793	0.215905	0.261611	0.302544	0.332718	0.35398	0.35939	0.346977	0.315145	0.261813	0.191191	0.113368	0.040548	-0.00509136	-0.00384564	0.0627005	0.197433	0.400231	0.638207	0.885018	1.10467	1.26131	1.33858	1.32881	1.21983	1.03235	0.778144	0.502457	0.246018	0.040886	-0.0959954	-0.167745	-0.200595	-0.202653	-0.172875	-0.119843	-0.0710994	-0.0371557	-0.0158111	-0.0120493	-0.0130893	-0.0265004	-0.0674313	-0.114746	-0.140426	-0.148965	-0.149144	-0.152396	-0.179324	-0.219581	-0.257943	-0.282946	-0.301093	-0.322214	-0.35152	-0.384446	-0.417875	-0.448724	-0.46771	-0.485819	-0.514757	-0.539725	-0.549882	-0.552457	-0.552204	-0.541852	-0.509992	-0.463396	-0.397671	-0.308201	-0.213038	-0.123917	-0.0478356	-0.0039157	-0.02672	-0.130667	-0.3005	-0.512968	-0.745551	-0.97001	-1.14942	-1.26502	-1.29488	-1.21716	-1.04316	-0.797847	-0.531558	-0.288821	-0.0799691	0.0761945	0.182589	0.255934	0.277533	0.243141	0.174843	0.0890627	0	
0	0.0680268	0.135768	0.201152	0.264886	0.323479	0.377997	0.422019	0.457951	0.4763	0.478641	0.459754	0.418696	0.361138	0.294532	0.231971	0.197866	0.206957	0.279778	0.420979	0.622183	0.860029	1.10467	1.32225	1.48082	1.56996	1.56867	1.4761	1.29908	1.05134	0.769598	0.500407	0.282594	0.132321	0.0386692	-0.0137104	-0.0301969	-0.0187643	0.0177417	0.0620844	0.105327	0.134912	0.147517	0.155165	0.146392	0.108121	0.0606897	0.0315095	0.0165661	0.0196453	0.0205556	-0.000716078	-0.039519	-0.078563	-0.106393	-0.128327	-0.152313	-0.182402	-0.215396	-0.253749	-0.294048	-0.320786	-0.346672	-0.383975	-0.41909	-0.4423	-0.459471	-0.475438	-0.477358	-0.458871	-0.427952	-0.377595	-0.304124	-0.220732	-0.142581	-0.0813843	-0.0501257	-0.0831609	-0.197388	-0.36818	-0.578215	-0.814847	-1.04144	-1.22395	-1.3469	-1.38535	-1.32039	-1.16003	-0.926773	-0.664984	-0.412921	-0.188502	-0.0119275	0.120219	0.215709	0.253903	0.234126	0.179226	0.0985808	0	
0	0.0706825	0.139413	0.209374	0.274574	0.338887	0.396803	0.447608	0.48954	0.514825	0.527014	0.515028	0.486136	0.439383	0.383914	0.336445	0.314349	0.335695	0.41974	0.569494	0.772433	1.01643	1.26131	1.48082	1.65068	1.74996	1.76445	1.6913	1.52762	1.28541	1.00833	0.732637	0.503765	0.333299	0.222602	0.15136	0.114076	0.10276	0.126658	0.164218	0.207593	0.242265	0.268943	0.286091	0.282525	0.248286	0.206633	0.173164	0.156856	0.160686	0.16882	0.155348	0.125049	0.0899202	0.0625472	0.0421978	0.0186817	-0.00706589	-0.0374714	-0.0738259	-0.116735	-0.147508	-0.180137	-0.220035	-0.258005	-0.290135	-0.319002	-0.34747	-0.356601	-0.349244	-0.332257	-0.297989	-0.243074	-0.172511	-0.108358	-0.0666737	-0.0546157	-0.103559	-0.227913	-0.404163	-0.622045	-0.865242	-1.09631	-1.28956	-1.42301	-1.47246	-1.42622	-1.28437	-1.06509	-0.810899	-0.557054	-0.31937	-0.116736	0.040313	0.152879	0.212509	0.214457	0.169995	0.0936665	0	
0	0.0638317	0.123427	0.188562	0.245615	0.304735	0.359307	0.404788	0.447958	0.472504	0.487856	0.482012	0.459403	0.421928	0.376679	0.341251	0.327939	0.365228	0.45747	0.619573	0.833622	1.08698	1.33858	1.56996	1.74996	1.86114	1.89614	1.84608	1.70195	1.48201	1.21431	0.934802	0.694032	0.508295	0.380527	0.290808	0.23358	0.200406	0.204908	0.227874	0.270016	0.309838	0.348358	0.371949	0.374839	0.34936	0.311451	0.277449	0.258971	0.265049	0.276135	0.273545	0.255167	0.225496	0.20322	0.184049	0.166816	0.144612	0.120681	0.0913893	0.0537451	0.0233632	-0.0125654	-0.04725	-0.0801628	-0.112765	-0.149876	-0.182323	-0.194647	-0.195069	-0.186834	-0.169316	-0.128906	-0.0705548	-0.019374	0.00616918	-0.00522663	-0.0694799	-0.202172	-0.392554	-0.626521	-0.882357	-1.12611	-1.33184	-1.47522	-1.54115	-1.51738	-1.39896	-1.20761	-0.972224	-0.715687	-0.461947	-0.23709	-0.0581136	0.0717326	0.149636	0.172993	0.146917	0.0833388	0	
0	0.0476297	0.0919638	0.142335	0.185407	0.233906	0.276494	0.315157	0.3503	0.370321	0.381084	0.375078	0.348778	0.317671	0.273408	0.246976	0.245716	0.293016	0.401306	0.577265	0.80235	1.06622	1.32881	1.56867	1.76445	1.89614	1.96071	1.93965	1.8248	1.63176	1.3752	1.10133	0.859627	0.667861	0.521558	0.413919	0.333489	0.280966	0.262437	0.271705	0.303542	0.34393	0.390578	0.420196	0.430963	0.410047	0.377103	0.34081	0.323553	0.325041	0.336593	0.344482	0.336683	0.316583	0.297914	0.285019	0.274238	0.257368	0.242675	0.224503	0.199728	0.172708	0.137052	0.111861	0.0889443	0.0589124	0.0205309	-0.0119563	-0.0222201	-0.022172	-0.0185818	-0.00530152	0.0273159	0.0782403	0.124964	0.132975	0.100329	0.0208953	-0.124332	-0.327675	-0.581336	-0.852028	-1.10484	-1.32485	-1.48614	-1.57707	-1.5832	-1.49772	-1.34226	-1.12588	-0.867209	-0.607988	-0.374051	-0.176103	-0.0260364	0.0699415	0.114828	0.108726	0.061659	0	
0	0.0309704	0.0619411	0.093776	0.122305	0.155723	0.179035	0.207565	0.223136	0.233464	0.232933	0.215452	0.1878	0.149085	0.107739	0.0819401	0.0861687	0.137107	0.256331	0.435124	0.672974	0.94526	1.21983	1.4761	1.6913	1.84608	1.93965	1.94837	1.87096	1.71149	1.48161	1.23134	0.995956	0.792893	0.633775	0.516398	0.418483	0.34597	0.303424	0.295203	0.309569	0.35086	0.399687	0.435776	0.449881	0.436714	0.405109	0.370774	0.353388	0.347966	0.359108	0.374109	0.377702	0.366979	0.354016	0.348481	0.342002	0.330023	0.322205	0.315009	0.305068	0.279898	0.248625	0.233601	0.221348	0.202296	0.167679	0.144203	0.142894	0.146441	0.156266	0.170002	0.200078	0.250804	0.291901	0.291439	0.247339	0.157174	0.009627	-0.204284	-0.477267	-0.762043	-1.02974	-1.26533	-1.4466	-1.56592	-1.60194	-1.5552	-1.44117	-1.25108	-1.00806	-0.754151	-0.509393	-0.294578	-0.132176	-0.024245	0.0402497	0.0565857	0.0320471	0	
0	0.0134009	0.027082	0.0407207	0.0546156	0.0684255	0.079398	0.0905501	0.0921113	0.0902072	0.0750812	0.0457895	0.0094046	-0.0438531	-0.0888292	-0.124414	-0.124055	-0.073743	0.045119	0.227386	0.471301	0.749914	1.03235	1.29908	1.52762	1.70195	1.8248	1.87096	1.83882	1.71918	1.52985	1.30324	1.07909	0.881978	0.728482	0.598228	0.487031	0.397456	0.337509	0.306726	0.306512	0.342585	0.389388	0.428923	0.448926	0.44095	0.408	0.377492	0.357919	0.343807	0.351043	0.367409	0.379833	0.37604	0.370875	0.370905	0.366959	0.360308	0.355931	0.36319	0.364861	0.346152	0.32422	0.315798	0.317074	0.307446	0.282399	0.270927	0.274338	0.28711	0.305028	0.324927	0.36455	0.419076	0.462419	0.465401	0.419162	0.326954	0.178855	-0.0434527	-0.329419	-0.624864	-0.900103	-1.14478	-1.34383	-1.48838	-1.56085	-1.5611	-1.49026	-1.33623	-1.11427	-0.862298	-0.621642	-0.412292	-0.240464	-0.118579	-0.0410552	-0.00333596	0.000874599	0	
0	-0.0021573	-0.00419873	-0.0062821	-0.00722132	-0.0108899	-0.0122743	-0.0210263	-0.0307314	-0.0510344	-0.0814529	-0.122993	-0.178366	-0.241402	-0.300057	-0.347173	-0.354112	-0.309911	-0.199356	-0.0176952	0.220807	0.49635	0.778144	1.05134	1.28541	1.48201	1.63176	1.71149	1.71918	1.64478	1.49679	1.3069	1.113	0.933631	0.782287	0.647947	0.534451	0.433566	0.36033	0.310117	0.295088	0.317975	0.362139	0.404879	0.43027	0.421739	0.388605	0.363396	0.338133	0.316719	0.315861	0.331219	0.346853	0.350849	0.355452	0.359318	0.360082	0.355454	0.356494	0.374574	0.38388	0.375995	0.362105	0.359281	0.368265	0.367146	0.357537	0.355545	0.365477	0.390096	0.41725	0.4515	0.505119	0.565257	0.614976	0.625012	0.585609	0.50098	0.354552	0.131648	-0.151581	-0.448403	-0.725651	-0.971219	-1.18357	-1.35463	-1.46165	-1.50178	-1.47035	-1.35181	-1.15657	-0.925592	-0.704819	-0.502735	-0.324836	-0.198297	-0.116434	-0.0643799	-0.0337733	0	
0	-0.0153505	-0.0345346	-0.0470634	-0.065983	-0.0815115	-0.098092	-0.122428	-0.144293	-0.181956	-0.224255	-0.280374	-0.350453	-0.422259	-0.498134	-0.552345	-0.573734	-0.541458	-0.442009	-0.271929	-0.0448162	0.22356	0.502457	0.769598	1.00833	1.21431	1.3752	1.48161	1.52985	1.49679	1.39633	1.25247	1.0908	0.93275	0.79379	0.668868	0.558407	0.456789	0.374606	0.308353	0.279363	0.292238	0.332373	0.374606	0.403808	0.393515	0.364304	0.338031	0.3071	0.277407	0.267559	0.274421	0.287335	0.298216	0.310535	0.317989	0.321967	0.318313	0.325208	0.348435	0.363043	0.368761	0.363596	0.366537	0.377978	0.387502	0.396414	0.401789	0.420817	0.454507	0.491154	0.54178	0.606644	0.675219	0.731014	0.750462	0.73083	0.659357	0.517205	0.304299	0.0314358	-0.260058	-0.529056	-0.7706	-0.988736	-1.16971	-1.29997	-1.37551	-1.37617	-1.28991	-1.13056	-0.928591	-0.727523	-0.540805	-0.373125	-0.251854	-0.172945	-0.113561	-0.0607944	0	
0	-0.028797	-0.0584542	-0.0856202	-0.116039	-0.142554	-0.173776	-0.205868	-0.241233	-0.288207	-0.339791	-0.407752	-0.486608	-0.570667	-0.657825	-0.724936	-0.758216	-0.739054	-0.650426	-0.492702	-0.276242	-0.0205778	0.246018	0.500407	0.732637	0.934802	1.10133	1.23134	1.30324	1.3069	1.25247	1.1487	1.01914	0.892835	0.775794	0.667034	0.563721	0.465506	0.379986	0.311648	0.27457	0.276335	0.307222	0.354294	0.386029	0.377197	0.348172	0.319411	0.281734	0.24516	0.221506	0.212806	0.216296	0.229724	0.244002	0.254056	0.25742	0.254413	0.265683	0.286769	0.308265	0.325276	0.333384	0.34101	0.351817	0.375933	0.39797	0.412333	0.43935	0.477873	0.526655	0.590297	0.667446	0.747656	0.809787	0.843255	0.846011	0.78858	0.651376	0.448839	0.193216	-0.0813559	-0.333836	-0.562336	-0.771493	-0.952795	-1.10053	-1.19623	-1.2137	-1.15446	-1.02831	-0.85433	-0.679438	-0.520099	-0.373144	-0.264832	-0.197257	-0.139242	-0.0740169	0	
0	-0.0363657	-0.0724718	-0.108115	-0.143724	-0.178799	-0.216252	-0.254735	-0.299972	-0.351969	-0.414097	-0.490404	-0.576224	-0.671027	-0.765174	-0.83985	-0.883626	-0.872814	-0.795584	-0.651023	-0.450371	-0.206539	0.040886	0.282594	0.503765	0.694032	0.859627	0.995956	1.07909	1.113	1.0908	1.01914	0.930539	0.837744	0.739932	0.644005	0.553296	0.466602	0.391551	0.324261	0.281042	0.27304	0.306249	0.356901	0.390895	0.384374	0.359836	0.326083	0.282645	0.23764	0.197586	0.167598	0.156417	0.163173	0.174573	0.184102	0.183694	0.182079	0.189734	0.207779	0.229144	0.255788	0.274713	0.281524	0.295098	0.326666	0.359391	0.384467	0.418514	0.466602	0.528101	0.603306	0.693456	0.784481	0.852535	0.900095	0.922399	0.876878	0.750042	0.562109	0.326404	0.0787307	-0.153167	-0.368525	-0.560219	-0.732656	-0.882077	-0.976991	-1.00053	-0.956325	-0.851211	-0.711689	-0.573219	-0.440738	-0.316695	-0.227901	-0.178842	-0.140532	-0.0833679	0	
0	-0.0335187	-0.0687917	-0.101113	-0.138457	-0.171743	-0.212507	-0.252341	-0.301269	-0.357166	-0.423963	-0.505194	-0.596994	-0.699459	-0.799826	-0.885945	-0.938996	-0.939232	-0.875575	-0.743917	-0.554662	-0.328469	-0.0959954	0.132321	0.333299	0.508295	0.667861	0.792893	0.881978	0.933631	0.93275	0.892835	0.837744	0.762896	0.683342	0.606884	0.53156	0.456955	0.390291	0.329145	0.288707	0.284255	0.320694	0.374047	0.416127	0.424071	0.407339	0.370032	0.326542	0.275317	0.220447	0.167536	0.137307	0.127847	0.130155	0.132935	0.126394	0.118823	0.117425	0.12513	0.141446	0.171695	0.192676	0.201587	0.216514	0.252205	0.290714	0.323531	0.366718	0.422757	0.493874	0.577637	0.678291	0.779188	0.860121	0.924812	0.960344	0.931352	0.818791	0.641507	0.430624	0.21018	-0.00432792	-0.196589	-0.366008	-0.526408	-0.657806	-0.735961	-0.756904	-0.715683	-0.630227	-0.528111	-0.416194	-0.30417	-0.215346	-0.162324	-0.135234	-0.114158	-0.072993	0	
0	-0.023252	-0.0511501	-0.0726014	-0.103152	-0.129751	-0.162901	-0.201163	-0.245018	-0.301715	-0.369011	-0.453156	-0.549391	-0.658616	-0.766087	-0.862138	-0.926021	-0.938461	-0.889077	-0.77099	-0.597198	-0.387635	-0.167745	0.0386692	0.222602	0.380527	0.521558	0.633775	0.728482	0.782287	0.79379	0.775794	0.739932	0.683342	0.626004	0.561435	0.492436	0.424385	0.368222	0.320003	0.288526	0.288573	0.328866	0.392267	0.453494	0.48267	0.47582	0.446695	0.411029	0.358322	0.291863	0.220826	0.170168	0.137236	0.126331	0.117638	0.104527	0.0861996	0.0715652	0.0664365	0.0737503	0.0978142	0.11326	0.121791	0.136873	0.168209	0.201877	0.239139	0.287876	0.350816	0.428358	0.517118	0.625652	0.736538	0.835832	0.915237	0.960867	0.947945	0.851663	0.694285	0.506607	0.308983	0.120962	-0.0477778	-0.199253	-0.334487	-0.435765	-0.495122	-0.506072	-0.460996	-0.389857	-0.316506	-0.23542	-0.155837	-0.101823	-0.0814714	-0.079013	-0.0756403	-0.0525415	0	
0	-0.0112282	-0.0226513	-0.0357979	-0.0506959	-0.0688374	-0.0909605	-0.121285	-0.157558	-0.20964	-0.273865	-0.355447	-0.456667	-0.566608	-0.682921	-0.789522	-0.860763	-0.890547	-0.852313	-0.750022	-0.593611	-0.400767	-0.200595	-0.0137104	0.15136	0.290808	0.413919	0.516398	0.598228	0.647947	0.668868	0.667034	0.644005	0.606884	0.561435	0.500001	0.430282	0.367695	0.319829	0.279614	0.249847	0.258189	0.307193	0.386304	0.467781	0.522914	0.537003	0.532942	0.511991	0.465943	0.398383	0.322029	0.251249	0.196579	0.167675	0.148656	0.127066	0.0954905	0.0671016	0.0470128	0.0445067	0.051621	0.0564696	0.0633293	0.0764935	0.0968806	0.118083	0.152564	0.202544	0.26792	0.343654	0.433718	0.542923	0.662267	0.782284	0.872369	0.925802	0.926498	0.850876	0.719428	0.553328	0.381124	0.22239	0.0772924	-0.0514255	-0.160124	-0.23244	-0.262574	-0.253269	-0.211009	-0.160547	-0.113108	-0.0683281	-0.0305335	-0.00794942	-0.0109318	-0.0308296	-0.0492563	-0.0435786	0	
0	0.000142802	0.00048052	-0.00213619	-0.00485968	-0.0135993	-0.025062	-0.0461433	-0.075302	-0.119745	-0.178217	-0.257058	-0.353429	-0.462614	-0.581986	-0.68721	-0.770133	-0.807845	-0.7825	-0.698468	-0.559485	-0.38107	-0.202653	-0.0301969	0.114076	0.23358	0.333489	0.418483	0.487031	0.534451	0.558407	0.563721	0.553296	0.53156	0.492436	0.430282	0.362275	0.297763	0.245087	0.196886	0.173594	0.188584	0.241942	0.327597	0.433202	0.516527	0.563611	0.592653	0.594668	0.567541	0.514992	0.444191	0.361561	0.290231	0.245789	0.217393	0.187069	0.145568	0.102681	0.073841	0.0561787	0.0435776	0.0347224	0.0365001	0.0477454	0.0521149	0.0591507	0.0851898	0.132571	0.195214	0.265129	0.349528	0.451663	0.577178	0.706087	0.802732	0.862104	0.869937	0.822464	0.721171	0.575163	0.429176	0.29656	0.17496	0.0725352	-0.00500717	-0.0418593	-0.0419293	-0.0209165	0.00906034	0.036071	0.0545998	0.0555591	0.048546	0.0399736	0.01002	-0.0280669	-0.0451605	-0.0351354	0	
0	0.00653085	0.0106053	0.0168221	0.0164173	0.0175966	0.00999744	-0.00176962	-0.0233956	-0.0589801	-0.108092	-0.178147	-0.266466	-0.370543	-0.485346	-0.591183	-0.677671	-0.718125	-0.703431	-0.628242	-0.497827	-0.337614	-0.172875	-0.0187643	0.10276	0.200406	0.280966	0.34597	0.397456	0.433566	0.456789	0.465506	0.466602	0.456955	0.424385	0.367695	0.297763	0.219768	0.150964	0.0987026	0.0746101	0.0807416	0.126542	0.22054	0.345358	0.450201	0.534621	0.601033	0.637593	0.640188	0.617172	0.561455	0.480286	0.40203	0.344717	0.306818	0.268526	0.217676	0.166446	0.128771	0.0965616	0.0670233	0.0440849	0.0439661	0.0493523	0.0440529	0.0397588	0.0527014	0.0943314	0.147538	0.207488	0.280474	0.374337	0.499202	0.629575	0.730552	0.789202	0.806106	0.780483	0.69936	0.577328	0.451723	0.340056	0.248336	0.174332	0.127272	0.121582	0.144547	0.173348	0.186412	0.182177	0.163437	0.116274	0.0624292	0.0203937	-0.0312795	-0.0736826	-0.0737499	-0.0431426	0	
0	0.00625488	0.00913319	0.0168658	0.0171362	0.0210722	0.0172495	0.00994734	-0.0061003	-0.0354467	-0.0772399	-0.141287	-0.219593	-0.31828	-0.423108	-0.523115	-0.60402	-0.640823	-0.627634	-0.553186	-0.430428	-0.277776	-0.119843	0.0177417	0.126658	0.204908	0.262437	0.303424	0.337509	0.36033	0.374606	0.379986	0.391551	0.390291	0.368222	0.319829	0.245087	0.150964	0.0715792	0.00702948	-0.0358388	-0.0484448	-0.00936974	0.0825823	0.204714	0.323542	0.442045	0.545596	0.617674	0.659531	0.674118	0.644024	0.581874	0.507285	0.446416	0.400799	0.358334	0.304252	0.249781	0.205167	0.159834	0.1166	0.0828776	0.0731407	0.0695719	0.0604484	0.0466258	0.0500973	0.0818986	0.126331	0.180525	0.24334	0.333162	0.453507	0.576022	0.672616	0.731697	0.755967	0.740701	0.678389	0.574901	0.46093	0.366706	0.293311	0.241771	0.226021	0.24529	0.280315	0.304128	0.296209	0.260979	0.199948	0.106942	0.00856853	-0.0702212	-0.128674	-0.153044	-0.134629	-0.0807486	0	
0	0.00432814	0.00810219	0.0118335	0.0133786	0.013993	0.0106082	0.00190778	-0.0131789	-0.0405019	-0.0808856	-0.137102	-0.213548	-0.302214	-0.400811	-0.495956	-0.566758	-0.602078	-0.582205	-0.504862	-0.380507	-0.226041	-0.0710994	0.0620844	0.164218	0.227874	0.271705	0.295203	0.306726	0.310117	0.308353	0.311648	0.324261	0.329145	0.320003	0.279614	0.196886	0.0987026	0.00702948	-0.0798285	-0.147986	-0.174633	-0.152747	-0.081905	0.0254373	0.153079	0.29255	0.421755	0.530651	0.617711	0.673015	0.680766	0.650874	0.596595	0.540566	0.493431	0.450186	0.396822	0.3435	0.288836	0.233395	0.180961	0.136606	0.11127	0.0976372	0.0889582	0.0739991	0.0705091	0.0908756	0.129692	0.17737	0.237047	0.327333	0.440243	0.554337	0.64517	0.710008	0.744681	0.733387	0.677977	0.583573	0.477314	0.385836	0.317148	0.28255	0.282106	0.307785	0.340374	0.352114	0.326541	0.25705	0.1527	0.028461	-0.103335	-0.211889	-0.264054	-0.260204	-0.215199	-0.126908	0	
0	-9.98163e-05	5.99118e-05	-0.000934184	-0.00191648	-0.0051447	-0.0106229	-0.0207017	-0.0370627	-0.0642043	-0.102037	-0.158068	-0.228436	-0.313532	-0.408122	-0.495155	-0.563447	-0.594156	-0.568433	-0.489504	-0.359263	-0.196902	-0.0371557	0.105327	0.207593	0.270016	0.303542	0.309569	0.306512	0.295088	0.279363	0.27457	0.281042	0.288707	0.288526	0.249847	0.173594	0.0746101	-0.0358388	-0.147986	-0.232141	-0.279789	-0.286661	-0.243746	-0.154573	-0.0342735	0.102032	0.246331	0.387071	0.513069	0.604819	0.654711	0.66773	0.644409	0.60552	0.565133	0.527141	0.48364	0.432984	0.374077	0.314165	0.258944	0.204722	0.158566	0.13443	0.125501	0.111745	0.102793	0.11261	0.144234	0.1897	0.253489	0.345878	0.456813	0.562631	0.651249	0.731035	0.778532	0.772261	0.716872	0.622317	0.51485	0.410343	0.330906	0.293589	0.290694	0.312348	0.325091	0.307591	0.259654	0.16468	0.0308102	-0.117367	-0.263034	-0.370669	-0.414015	-0.392125	-0.304214	-0.163372	0	
0	-0.00595017	-0.0124519	-0.0178534	-0.0246631	-0.0311997	-0.0396724	-0.052074	-0.0685717	-0.0953505	-0.132867	-0.185222	-0.255239	-0.337071	-0.429828	-0.515084	-0.582284	-0.608028	-0.580426	-0.4947	-0.354927	-0.186145	-0.0158111	0.134912	0.242265	0.309838	0.34393	0.35086	0.342585	0.317975	0.292238	0.276335	0.27304	0.284255	0.288573	0.258189	0.188584	0.0807416	-0.0484448	-0.174633	-0.279789	-0.357511	-0.392922	-0.377739	-0.314482	-0.222383	-0.102284	0.0437685	0.203076	0.351392	0.472842	0.564765	0.620596	0.636584	0.62467	0.602008	0.579529	0.55039	0.508727	0.452756	0.397884	0.345934	0.280093	0.217297	0.181591	0.168021	0.15487	0.140498	0.141483	0.165433	0.210057	0.281565	0.379937	0.491856	0.598739	0.695893	0.790747	0.854904	0.853556	0.787726	0.685523	0.567885	0.444905	0.348084	0.291029	0.266566	0.258751	0.231624	0.180913	0.108945	-0.00247305	-0.147192	-0.307268	-0.452341	-0.544684	-0.571551	-0.52178	-0.391214	-0.206842	0	
