0	0	0	0	0	0	0	0	0	0	0	0	0	0	0	0	0	0	0	0	0	0	0	0	0	0	0	0	0	0	0	0	0	0	0	0	0	0	0	0	0	0	0	0	0	0	0	0	0	0	0	0	0	0	0	0	0	0	0	0	0	0	0	0	0	0	0	0	0	0	0	0	0	0	0	0	0	0	0	0	0	0	0	0	0	0	0	0	0	0	0	0	0	0	0	0	0	0	0	0	
0	-0.0162221	-0.0356874	-0.0564739	-0.0749209	-0.0926273	-0.113322	-0.142133	-0.176109	-0.204616	-0.213089	-0.197214	-0.163706	-0.123847	-0.085994	-0.0474364	-0.00438321	0.0464432	0.0994359	0.148574	0.187228	0.213479	0.228274	0.233639	0.231136	0.216962	0.185249	0.137892	0.0830859	0.0338527	0.00152752	-0.00660004	0.00755502	0.036087	0.0640963	0.0814334	0.090395	0.0960112	0.100266	0.100632	0.0917438	0.0682744	0.0323645	-0.00941914	-0.0500601	-0.0851464	-0.11403	-0.139542	-0.15741	-0.162286	-0.151483	-0.127516	-0.0981769	-0.0678677	-0.0373076	-0.00947543	0.0119597	0.0246567	0.0262138	0.0222995	0.0196889	0.0225546	0.0247625	0.0217118	0.0154281	0.0102476	0.0146473	0.0316439	0.0530401	0.070001	0.0778018	0.0803158	0.0804264	0.0808161	0.0826807	0.0811026	0.0746334	0.0619143	0.0421133	0.0132352	-0.0228955	-0.0630995	-0.103187	-0.140328	-0.174662	-0.203856	-0.225821	-0.239131	-0.243248	-0.239609	-0.233786	-0.22706	-0.218845	-0.207692	-0.188302	-0.159195	-0.122953	-0.0827807	-0.040698	0	
0	-0.0356874	-0.071688	-0.10736	-0.142188	-0.183705	-0.231097	-0.285394	-0.3393	-0.381348	-0.393978	-0.368952	-0.310628	-0.232098	-0.148168	-0.0623596	0.0277679	0.125049	0.22457	0.316713	0.390531	0.440138	0.465937	0.470972	0.459037	0.422726	0.353682	0.257406	0.15248	0.0630926	0.00661275	-0.00703017	0.0173831	0.0665717	0.119559	0.157788	0.186371	0.209138	0.222639	0.222883	0.200306	0.151469	0.0832948	0.00639293	-0.0697004	-0.136982	-0.197911	-0.250813	-0.290391	-0.30421	-0.288517	-0.246621	-0.192711	-0.132483	-0.0728943	-0.0234001	0.0116658	0.0302356	0.0330134	0.0309007	0.0344602	0.0465121	0.0551181	0.0543339	0.0497198	0.0481854	0.0556587	0.075526	0.10186	0.127848	0.145375	0.156169	0.163067	0.163051	0.160397	0.152545	0.134832	0.10173	0.0513309	-0.0122959	-0.0838232	-0.156057	-0.223895	-0.288677	-0.345722	-0.393673	-0.431225	-0.453068	-0.461197	-0.4553	-0.442763	-0.425554	-0.402895	-0.376932	-0.341844	-0.294867	-0.236247	-0.165939	-0.0846131	0	
0	-0.0564739	-0.10736	-0.153543	-0.205008	-0.27369	-0.35018	-0.422253	-0.478804	-0.516774	-0.524887	-0.494233	-0.419394	-0.305441	-0.171945	-0.0301141	0.108936	0.247382	0.378294	0.497956	0.59429	0.659687	0.689814	0.685119	0.650009	0.579996	0.469263	0.332727	0.195968	0.086027	0.0184408	0.00106576	0.0288036	0.0928275	0.168218	0.234045	0.290163	0.333678	0.35618	0.349906	0.312648	0.244002	0.154498	0.0541421	-0.0498901	-0.150622	-0.241263	-0.321548	-0.377537	-0.399834	-0.386391	-0.341795	-0.279413	-0.206126	-0.128419	-0.0624394	-0.0176576	0.0107386	0.0265229	0.0419035	0.059669	0.0799727	0.090778	0.0945826	0.102372	0.111314	0.123218	0.141659	0.162827	0.187229	0.209842	0.228655	0.23343	0.224068	0.210321	0.186823	0.151149	0.0973107	0.0235789	-0.0695188	-0.17164	-0.273162	-0.365523	-0.444593	-0.512039	-0.56416	-0.600501	-0.62272	-0.63071	-0.622738	-0.605773	-0.578409	-0.542974	-0.506125	-0.461941	-0.405743	-0.333994	-0.241402	-0.12549	0	
0	-0.0749209	-0.142188	-0.205008	-0.275681	-0.36908	-0.465977	-0.546411	-0.597577	-0.623403	-0.619775	-0.578115	-0.48681	-0.343298	-0.164511	0.0292556	0.21728	0.389146	0.539489	0.669197	0.774572	0.846539	0.873734	0.848569	0.778588	0.666607	0.519343	0.359531	0.214028	0.103146	0.0329992	0.0114333	0.0400438	0.116536	0.219511	0.316177	0.400949	0.462629	0.486122	0.472225	0.422382	0.342752	0.242531	0.125264	-0.00585393	-0.13612	-0.256926	-0.354777	-0.421876	-0.450525	-0.446698	-0.415665	-0.369081	-0.302673	-0.222463	-0.147167	-0.0845875	-0.0341566	0.00539982	0.0411424	0.0749802	0.105797	0.123021	0.134301	0.155359	0.183248	0.208455	0.230217	0.249149	0.270769	0.287492	0.296811	0.292429	0.264497	0.225093	0.177854	0.121843	0.0507629	-0.040621	-0.150434	-0.272891	-0.39609	-0.505702	-0.598171	-0.664774	-0.708244	-0.735953	-0.746963	-0.746782	-0.730855	-0.707836	-0.678864	-0.643704	-0.609189	-0.564827	-0.501972	-0.415722	-0.300685	-0.156271	0	
0	-0.0926273	-0.183705	-0.27369	-0.36908	-0.478925	-0.582823	-0.662543	-0.707573	-0.723185	-0.703048	-0.640166	-0.524188	-0.350528	-0.137178	0.09708	0.320015	0.518049	0.679325	0.813307	0.918656	0.986939	0.999065	0.945162	0.837718	0.692055	0.522536	0.35678	0.217594	0.114877	0.0478812	0.0248254	0.0542643	0.144769	0.271331	0.39759	0.509513	0.589273	0.622101	0.606	0.55175	0.463936	0.350571	0.212797	0.0541221	-0.109499	-0.255632	-0.376384	-0.456939	-0.497775	-0.50787	-0.494481	-0.466678	-0.418001	-0.345247	-0.264905	-0.18909	-0.116819	-0.0545719	0.00265184	0.0527954	0.100701	0.136902	0.169862	0.213508	0.257139	0.296123	0.331391	0.356148	0.371651	0.373721	0.365685	0.337074	0.285024	0.222671	0.146842	0.0632176	-0.0282731	-0.131338	-0.252457	-0.385402	-0.517012	-0.629471	-0.71432	-0.774298	-0.810916	-0.829085	-0.832618	-0.822178	-0.796752	-0.770955	-0.744224	-0.716172	-0.688591	-0.644152	-0.571824	-0.46947	-0.336117	-0.172675	0	
0	-0.113322	-0.231097	-0.35018	-0.465977	-0.582823	-0.681777	-0.752014	-0.788445	-0.793704	-0.755927	-0.665615	-0.516552	-0.311785	-0.0725255	0.178194	0.413422	0.618592	0.786541	0.922057	1.02217	1.07276	1.05706	0.969665	0.834605	0.670949	0.494873	0.331924	0.202411	0.112501	0.0549182	0.0379106	0.0745896	0.176651	0.324727	0.476443	0.617422	0.72609	0.777243	0.770532	0.711896	0.610122	0.476224	0.314049	0.128763	-0.0580146	-0.232162	-0.378813	-0.488619	-0.553562	-0.581672	-0.581911	-0.569033	-0.532704	-0.467533	-0.386878	-0.299485	-0.213375	-0.137989	-0.0698013	-1.22086e-05	0.0779415	0.146672	0.204507	0.263762	0.321024	0.371849	0.416283	0.445284	0.456952	0.441467	0.406941	0.354454	0.276457	0.188502	0.0945742	-0.00391476	-0.111355	-0.232842	-0.364818	-0.496439	-0.614849	-0.707357	-0.779362	-0.830167	-0.862726	-0.880476	-0.878326	-0.862917	-0.833087	-0.805722	-0.78251	-0.757964	-0.7338	-0.690557	-0.615991	-0.508348	-0.365311	-0.188348	0	
0	-0.142133	-0.285394	-0.422253	-0.546411	-0.662543	-0.752014	-0.806223	-0.823773	-0.81022	-0.749786	-0.629506	-0.44608	-0.210931	0.0414316	0.288828	0.509049	0.703152	0.86322	0.99164	1.07346	1.09567	1.04548	0.93006	0.778112	0.609846	0.436271	0.281286	0.166895	0.094978	0.0543749	0.0502008	0.0964052	0.212525	0.378581	0.555225	0.726226	0.864386	0.941807	0.946177	0.8863	0.769682	0.613309	0.428009	0.223034	0.0144466	-0.1809	-0.359449	-0.501	-0.595319	-0.645028	-0.660243	-0.658991	-0.633976	-0.574595	-0.491583	-0.397171	-0.29821	-0.208298	-0.119035	-0.025684	0.0779098	0.168215	0.240712	0.307967	0.365836	0.41663	0.461474	0.487448	0.488642	0.456114	0.397651	0.312244	0.206429	0.105536	0.00797151	-0.0898214	-0.195933	-0.31518	-0.44357	-0.56626	-0.67042	-0.747491	-0.803396	-0.84376	-0.868672	-0.878986	-0.875868	-0.861798	-0.835363	-0.81311	-0.791261	-0.766923	-0.74412	-0.705288	-0.63712	-0.534222	-0.390485	-0.203273	0	
0	-0.176109	-0.3393	-0.478804	-0.597577	-0.707573	-0.788445	-0.823773	-0.813728	-0.769111	-0.678551	-0.529228	-0.319686	-0.0695997	0.181561	0.409559	0.604055	0.771607	0.909607	1.01367	1.07014	1.06483	0.992825	0.861883	0.704611	0.537774	0.370864	0.227219	0.127869	0.0731242	0.0472503	0.0553516	0.116244	0.249095	0.436431	0.634395	0.827242	0.990165	1.08782	1.10698	1.04894	0.922648	0.749378	0.546173	0.325725	0.106683	-0.104562	-0.302021	-0.471135	-0.594235	-0.670965	-0.710703	-0.729409	-0.714483	-0.654444	-0.56467	-0.460764	-0.353561	-0.248104	-0.138962	-0.0203431	0.104567	0.204424	0.274812	0.335884	0.387658	0.426871	0.454294	0.46108	0.446744	0.39723	0.319617	0.21782	0.0983786	-0.00893913	-0.10023	-0.18294	-0.270717	-0.372781	-0.484508	-0.592856	-0.688636	-0.758769	-0.80702	-0.834556	-0.844165	-0.842954	-0.831718	-0.816018	-0.789928	-0.767068	-0.747426	-0.728882	-0.717934	-0.694152	-0.639377	-0.545284	-0.402871	-0.211312	0	
0	-0.204616	-0.381348	-0.516774	-0.623403	-0.723185	-0.793704	-0.81022	-0.769111	-0.686148	-0.558909	-0.382902	-0.163232	0.0809772	0.313077	0.515462	0.678591	0.812253	0.912628	0.983808	1.01371	0.994169	0.914337	0.784238	0.633949	0.480932	0.330296	0.199594	0.110513	0.0631614	0.0459264	0.0679098	0.146087	0.297603	0.496485	0.700012	0.897879	1.06973	1.18364	1.21602	1.16561	1.03809	0.858048	0.648903	0.426889	0.206917	-0.00380331	-0.209008	-0.391995	-0.539655	-0.648129	-0.718042	-0.756817	-0.748742	-0.686819	-0.59443	-0.49133	-0.381563	-0.268022	-0.140081	-0.00419088	0.129337	0.228821	0.294178	0.345218	0.379556	0.395608	0.394815	0.374581	0.33622	0.27106	0.186467	0.0847231	-0.0280986	-0.125659	-0.206575	-0.275803	-0.340454	-0.413006	-0.49994	-0.596006	-0.686654	-0.751154	-0.787363	-0.796579	-0.788469	-0.773098	-0.752859	-0.72807	-0.693002	-0.667529	-0.653548	-0.649526	-0.657535	-0.65279	-0.612598	-0.527797	-0.392208	-0.205457	0	
0	-0.213089	-0.393978	-0.524887	-0.619775	-0.703048	-0.755927	-0.749786	-0.678551	-0.558909	-0.39819	-0.205152	0.00869966	0.228598	0.429083	0.595839	0.719477	0.807604	0.86583	0.903543	0.916494	0.88899	0.81159	0.692089	0.565203	0.442596	0.318613	0.202811	0.117687	0.0724349	0.064176	0.102128	0.200109	0.362117	0.558667	0.749294	0.931815	1.09584	1.20796	1.24253	1.1954	1.07415	0.905979	0.713998	0.512546	0.313863	0.119392	-0.0750846	-0.260161	-0.421967	-0.553143	-0.649898	-0.709698	-0.713905	-0.657953	-0.571739	-0.478193	-0.379068	-0.266042	-0.137631	-0.00123892	0.130127	0.222901	0.274942	0.308637	0.322345	0.313312	0.287495	0.241895	0.182473	0.103218	0.0177501	-0.0730603	-0.170247	-0.252743	-0.317344	-0.363296	-0.401288	-0.450182	-0.517844	-0.595252	-0.667664	-0.711228	-0.724942	-0.71781	-0.695583	-0.663978	-0.62518	-0.584297	-0.542985	-0.521331	-0.521218	-0.53824	-0.569831	-0.587548	-0.566993	-0.498649	-0.375321	-0.198479	0	
0	-0.197214	-0.368952	-0.494233	-0.578115	-0.640166	-0.665615	-0.629506	-0.529228	-0.382902	-0.205152	-0.0108907	0.186179	0.375616	0.53724	0.656666	0.726669	0.762523	0.778296	0.790772	0.78997	0.761053	0.690423	0.592994	0.499505	0.414865	0.322951	0.226656	0.152909	0.117303	0.119668	0.169974	0.275131	0.435978	0.619086	0.78774	0.943105	1.07905	1.16678	1.18445	1.1347	1.02997	0.893555	0.742141	0.580956	0.417902	0.254559	0.085388	-0.0812124	-0.237312	-0.376083	-0.487977	-0.567852	-0.595668	-0.566607	-0.505827	-0.430132	-0.341838	-0.243768	-0.132698	-0.017552	0.0909419	0.164247	0.199638	0.212583	0.204322	0.177326	0.133487	0.073744	0.00262879	-0.0810625	-0.165562	-0.249041	-0.333481	-0.397784	-0.434777	-0.452966	-0.465745	-0.492981	-0.538528	-0.588819	-0.62628	-0.636019	-0.624971	-0.593984	-0.548629	-0.494873	-0.437697	-0.387748	-0.347841	-0.339629	-0.362427	-0.405028	-0.462	-0.506078	-0.510715	-0.464407	-0.358123	-0.191659	0	
0	-0.163706	-0.310628	-0.419394	-0.48681	-0.524188	-0.516552	-0.44608	-0.319686	-0.163232	0.00869966	0.186179	0.359417	0.516823	0.633944	0.697268	0.707997	0.690921	0.668118	0.654183	0.644208	0.620399	0.572334	0.506373	0.447294	0.39516	0.333713	0.266796	0.220553	0.204958	0.217559	0.264545	0.360208	0.506114	0.671156	0.81651	0.939185	1.03458	1.08305	1.07335	1.02054	0.939132	0.845903	0.744544	0.634052	0.516986	0.395768	0.264163	0.126963	-0.0082733	-0.135454	-0.252084	-0.352052	-0.413378	-0.421552	-0.392204	-0.343934	-0.284081	-0.21395	-0.139421	-0.0630049	0.0122423	0.0587222	0.0686035	0.0597957	0.034247	-0.00881089	-0.0630173	-0.128949	-0.199429	-0.27737	-0.35409	-0.431003	-0.501958	-0.540998	-0.54807	-0.535952	-0.526661	-0.535348	-0.554512	-0.567943	-0.56597	-0.537419	-0.486671	-0.424539	-0.354188	-0.280907	-0.214763	-0.163713	-0.133589	-0.139405	-0.178644	-0.245294	-0.330979	-0.405562	-0.43948	-0.417185	-0.329381	-0.179051	0	
0	-0.123847	-0.232098	-0.305441	-0.343298	-0.350528	-0.311785	-0.210931	-0.0695997	0.0809772	0.228598	0.375616	0.516823	0.634283	0.702144	0.708895	0.666282	0.601348	0.537397	0.495083	0.476823	0.471751	0.458575	0.432155	0.40564	0.38169	0.351164	0.320551	0.309334	0.318959	0.336867	0.372259	0.445418	0.566594	0.706228	0.824961	0.912673	0.968576	0.979136	0.946677	0.891373	0.831127	0.774975	0.721818	0.663469	0.601074	0.530334	0.444389	0.345567	0.239231	0.129014	0.0155393	-0.0992565	-0.192331	-0.241206	-0.251771	-0.23741	-0.211759	-0.184355	-0.153404	-0.11779	-0.0843979	-0.0762666	-0.0961966	-0.130013	-0.17399	-0.228165	-0.291385	-0.356058	-0.417178	-0.480893	-0.545486	-0.605557	-0.6513	-0.662429	-0.638801	-0.602062	-0.567165	-0.544732	-0.531823	-0.514866	-0.480986	-0.419322	-0.336374	-0.239302	-0.142624	-0.0588079	0.0071356	0.0520284	0.0779548	0.0676751	0.0150256	-0.071716	-0.182886	-0.287274	-0.349928	-0.353728	-0.288737	-0.159164	0	
0	-0.085994	-0.148168	-0.171945	-0.164511	-0.137178	-0.0725255	0.0414316	0.181561	0.313077	0.429083	0.53724	0.633944	0.702144	0.718882	0.678547	0.592493	0.485091	0.383667	0.316814	0.29859	0.31554	0.339569	0.354186	0.365618	0.375995	0.378994	0.381008	0.399664	0.428864	0.453498	0.478529	0.530529	0.623036	0.731142	0.816851	0.869652	0.88845	0.86964	0.818064	0.758948	0.710036	0.67989	0.664371	0.656662	0.648793	0.632484	0.595745	0.539062	0.468281	0.383078	0.275161	0.147409	0.0282827	-0.0538098	-0.100289	-0.129339	-0.150243	-0.162276	-0.167165	-0.168478	-0.175024	-0.207124	-0.266264	-0.330997	-0.394381	-0.45911	-0.519642	-0.572978	-0.620632	-0.669831	-0.716048	-0.752377	-0.76773	-0.747435	-0.69712	-0.628274	-0.557619	-0.500442	-0.457605	-0.420255	-0.3706	-0.29115	-0.183698	-0.0683184	0.0389405	0.130376	0.200266	0.249151	0.270671	0.251091	0.187787	0.0836104	-0.0475977	-0.174288	-0.262448	-0.290403	-0.247813	-0.140594	0	
0	-0.0474364	-0.0623596	-0.0301141	0.0292556	0.09708	0.178194	0.288828	0.409559	0.515462	0.595839	0.656666	0.697268	0.708895	0.678547	0.597127	0.473696	0.33147	0.207765	0.135004	0.126168	0.163536	0.218902	0.276006	0.334308	0.38823	0.425449	0.453083	0.487598	0.526848	0.553552	0.571867	0.608488	0.677521	0.755787	0.810668	0.828486	0.815272	0.76821	0.699145	0.630325	0.582936	0.565012	0.575212	0.603289	0.640814	0.672022	0.687098	0.681959	0.654888	0.598606	0.502202	0.372022	0.237376	0.128383	0.0438702	-0.0287543	-0.0947367	-0.148014	-0.186221	-0.216906	-0.259535	-0.33017	-0.421954	-0.51426	-0.594434	-0.66043	-0.712077	-0.750631	-0.78344	-0.813425	-0.835298	-0.841064	-0.824942	-0.779256	-0.699916	-0.597329	-0.490492	-0.402332	-0.341661	-0.293364	-0.234923	-0.153711	-0.0522492	0.0582209	0.167243	0.265929	0.345683	0.399162	0.418142	0.39017	0.309447	0.186732	0.039351	-0.103616	-0.20718	-0.250598	-0.222318	-0.128542	0	
0	-0.00438321	0.0277679	0.108936	0.21728	0.320015	0.413422	0.509049	0.604055	0.678591	0.719477	0.726669	0.707997	0.666282	0.592493	0.473696	0.318234	0.157377	0.0338587	-0.0247572	-0.0157795	0.04167	0.123841	0.219327	0.321065	0.415528	0.485231	0.533273	0.576039	0.61512	0.638478	0.652173	0.681195	0.736564	0.79397	0.821926	0.809985	0.763619	0.688362	0.596434	0.510557	0.454655	0.438518	0.460137	0.511066	0.5779	0.646737	0.70804	0.75246	0.771921	0.750193	0.675978	0.558669	0.428649	0.307142	0.191277	0.0699313	-0.046795	-0.143867	-0.217626	-0.278537	-0.346976	-0.435542	-0.543148	-0.648803	-0.73376	-0.794591	-0.833638	-0.855797	-0.870954	-0.877589	-0.872817	-0.854365	-0.815928	-0.745569	-0.6375	-0.505977	-0.38162	-0.285404	-0.216836	-0.162696	-0.102674	-0.0291947	0.0596178	0.156307	0.253425	0.345977	0.423227	0.476258	0.489242	0.45096	0.359204	0.221877	0.0608796	-0.0921233	-0.203926	-0.250307	-0.221743	-0.129563	0	
0	0.0464432	0.125049	0.247382	0.389146	0.518049	0.618592	0.703152	0.771607	0.812253	0.807604	0.762523	0.690921	0.601348	0.485091	0.33147	0.157377	-0.00349562	-0.108523	-0.14272	-0.105974	-0.0230266	0.0856431	0.207722	0.335977	0.457697	0.551338	0.615392	0.66002	0.691967	0.709362	0.719287	0.746607	0.794709	0.83721	0.847742	0.813787	0.744828	0.644775	0.528388	0.416835	0.339304	0.309912	0.328794	0.386444	0.471745	0.568812	0.670255	0.7597	0.82047	0.83628	0.795258	0.708817	0.595831	0.469719	0.327296	0.16731	0.00450136	-0.138513	-0.253015	-0.343381	-0.428977	-0.522681	-0.624177	-0.719121	-0.78989	-0.837074	-0.862801	-0.871094	-0.867815	-0.848616	-0.821789	-0.788404	-0.733953	-0.644746	-0.520545	-0.380842	-0.257465	-0.164976	-0.101278	-0.0525204	-0.000445449	0.0599118	0.134883	0.215741	0.296968	0.372543	0.433848	0.474941	0.478554	0.436318	0.33842	0.191892	0.0231249	-0.136934	-0.250799	-0.292562	-0.253643	-0.14681	0	
0	0.0994359	0.22457	0.378294	0.539489	0.679325	0.786541	0.86322	0.909607	0.912628	0.86583	0.778296	0.668118	0.537397	0.383667	0.207765	0.0338587	-0.108523	-0.187314	-0.188638	-0.118465	-0.00454416	0.123758	0.256468	0.390755	0.518957	0.620378	0.689019	0.728494	0.753458	0.766137	0.77929	0.809088	0.854229	0.887383	0.886412	0.842887	0.761917	0.645753	0.507534	0.365313	0.256281	0.19953	0.199755	0.251499	0.343972	0.461141	0.59316	0.716124	0.812901	0.863793	0.861773	0.809694	0.717449	0.589873	0.429858	0.24038	0.0446919	-0.137089	-0.286774	-0.399757	-0.494981	-0.579073	-0.657107	-0.722541	-0.764876	-0.787775	-0.797145	-0.787448	-0.763678	-0.727407	-0.69095	-0.650515	-0.586306	-0.490596	-0.367235	-0.239652	-0.135046	-0.059351	-0.013172	0.0146416	0.0491129	0.095721	0.158961	0.229155	0.295164	0.352175	0.395417	0.420489	0.412776	0.362754	0.260391	0.110662	-0.0613889	-0.220768	-0.33156	-0.362883	-0.304208	-0.175118	0	
0	0.148574	0.316713	0.497956	0.669197	0.813307	0.922057	0.99164	1.01367	0.983808	0.903543	0.790772	0.654183	0.495083	0.316814	0.135004	-0.0247572	-0.14272	-0.188638	-0.15548	-0.0503764	0.0861754	0.224114	0.354808	0.478545	0.593658	0.683109	0.741684	0.770563	0.784392	0.796805	0.816048	0.855499	0.904597	0.93627	0.935237	0.893174	0.811169	0.68713	0.531006	0.360095	0.214463	0.120915	0.0896296	0.122195	0.211788	0.33874	0.489945	0.637842	0.763104	0.850494	0.883396	0.859061	0.77897	0.648241	0.475485	0.27171	0.0570429	-0.14393	-0.30955	-0.43248	-0.525137	-0.593807	-0.641472	-0.668705	-0.673	-0.668345	-0.651765	-0.620709	-0.585052	-0.541567	-0.501859	-0.457523	-0.389418	-0.298684	-0.19747	-0.0950315	-0.0160738	0.0297491	0.0436931	0.0402957	0.0496363	0.076468	0.127299	0.188026	0.247936	0.29838	0.333152	0.349535	0.327003	0.264342	0.151763	-0.00661248	-0.178245	-0.332138	-0.430816	-0.442859	-0.361698	-0.204884	0	
0	0.187228	0.390531	0.59429	0.774572	0.918656	1.02217	1.07346	1.07014	1.01371	0.916494	0.78997	0.644208	0.476823	0.29859	0.126168	-0.0157795	-0.105974	-0.118465	-0.0503764	0.0772108	0.223327	0.359063	0.476632	0.576402	0.660793	0.72216	0.760688	0.770051	0.773559	0.784801	0.816867	0.87181	0.935638	0.981463	0.995099	0.965569	0.886206	0.751908	0.578016	0.379058	0.200067	0.0701471	0.00635594	0.0158988	0.093751	0.21783	0.373308	0.531111	0.676827	0.788111	0.848014	0.84247	0.769408	0.63698	0.462014	0.254101	0.0378228	-0.165893	-0.328809	-0.43949	-0.518143	-0.562822	-0.576504	-0.567216	-0.539427	-0.499901	-0.453722	-0.401893	-0.356493	-0.313692	-0.273837	-0.228104	-0.165255	-0.0936663	-0.0165024	0.0546889	0.0941836	0.0996032	0.0718869	0.0336882	0.0181067	0.0258245	0.0624376	0.117224	0.177004	0.229781	0.266095	0.277231	0.245894	0.167286	0.0365768	-0.133417	-0.310018	-0.455806	-0.540394	-0.532914	-0.423718	-0.238491	0	
0	0.213479	0.440138	0.659687	0.846539	0.986939	1.07276	1.09567	1.06483	0.994169	0.88899	0.761053	0.620399	0.471751	0.31554	0.163536	0.04167	-0.0230266	-0.00454416	0.0861754	0.223327	0.367047	0.491825	0.588838	0.655296	0.700463	0.725377	0.734464	0.724706	0.717212	0.731818	0.774001	0.845028	0.931109	1.00576	1.04953	1.04057	0.962215	0.815132	0.621828	0.401007	0.195593	0.0382774	-0.0515186	-0.0628127	-0.000630057	0.108703	0.250852	0.402408	0.548406	0.66824	0.735937	0.739728	0.68159	0.565703	0.402328	0.205665	0.000151183	-0.189835	-0.334652	-0.427457	-0.481127	-0.49829	-0.482928	-0.444715	-0.383964	-0.312434	-0.232761	-0.15844	-0.106687	-0.0598824	-0.0200864	0.017222	0.0621073	0.112248	0.160498	0.199599	0.200564	0.162058	0.0987777	0.0312474	-0.00881707	-0.0204193	0.00346155	0.0506783	0.105029	0.153906	0.191441	0.205216	0.166146	0.0766072	-0.0644646	-0.245129	-0.425324	-0.571078	-0.646655	-0.619328	-0.48614	-0.269663	0	
0	0.228274	0.465937	0.689814	0.873734	0.999065	1.05706	1.04548	0.992825	0.914337	0.81159	0.690423	0.572334	0.458575	0.339569	0.218902	0.123841	0.0856431	0.123758	0.224114	0.359063	0.491825	0.599313	0.669614	0.701001	0.702426	0.683446	0.661928	0.635026	0.62475	0.641003	0.690537	0.775436	0.887145	0.997937	1.0764	1.0897	1.01581	0.860852	0.657504	0.422892	0.199781	0.0222523	-0.0871206	-0.116976	-0.0753485	0.0107845	0.128789	0.256804	0.383863	0.486375	0.548236	0.56128	0.525763	0.441522	0.314543	0.149648	-0.0276493	-0.194143	-0.319038	-0.390027	-0.425142	-0.422821	-0.386184	-0.323217	-0.234776	-0.126382	-0.0135188	0.0835941	0.153946	0.207926	0.242559	0.259122	0.27533	0.297053	0.32007	0.32937	0.298453	0.236331	0.149741	0.060491	0.00164223	-0.0257022	-0.0183387	0.00996356	0.0510755	0.0941651	0.125523	0.129962	0.0886012	-0.000579549	-0.141789	-0.325079	-0.513396	-0.660083	-0.730833	-0.691173	-0.5353	-0.296039	0	
0	0.233639	0.470972	0.685119	0.848569	0.945162	0.969665	0.93006	0.861883	0.784238	0.692089	0.592994	0.506373	0.432155	0.354186	0.276006	0.219327	0.207722	0.256468	0.354808	0.476632	0.588838	0.669614	0.710125	0.70304	0.657547	0.595202	0.545933	0.508614	0.494526	0.513047	0.571801	0.673572	0.810809	0.951913	1.06033	1.09868	1.04079	0.89532	0.695575	0.458787	0.225235	0.0323889	-0.0960576	-0.150664	-0.13859	-0.0848626	0.00115902	0.102799	0.203173	0.282345	0.33015	0.349492	0.344985	0.304378	0.220346	0.10192	-0.0300273	-0.162805	-0.265138	-0.324042	-0.347842	-0.337991	-0.29157	-0.210496	-0.0946793	0.0410956	0.180619	0.302549	0.390696	0.453102	0.477439	0.470129	0.459032	0.45533	0.450748	0.436605	0.392335	0.319784	0.225725	0.128382	0.0590568	0.0169112	0.00571175	0.0222811	0.0534277	0.0804894	0.0964701	0.0905863	0.0415089	-0.053507	-0.200363	-0.387862	-0.574956	-0.719973	-0.784674	-0.735252	-0.569777	-0.313209	0	
0	0.231136	0.459037	0.650009	0.778588	0.837718	0.834605	0.778112	0.704611	0.633949	0.565203	0.499505	0.447294	0.40564	0.365618	0.334308	0.321065	0.335977	0.390755	0.478545	0.576402	0.655296	0.701001	0.70304	0.653565	0.56531	0.470747	0.402125	0.352057	0.331515	0.354995	0.429711	0.550375	0.705911	0.869207	1.0041	1.07416	1.04629	0.925267	0.743864	0.51875	0.287223	0.0855601	-0.066049	-0.157268	-0.189077	-0.174223	-0.116617	-0.0379736	0.0415091	0.10271	0.144467	0.173421	0.191715	0.186276	0.151048	0.0862989	0.00285416	-0.091781	-0.17196	-0.220617	-0.242699	-0.233229	-0.182899	-0.0905145	0.0359347	0.180149	0.327376	0.457606	0.556312	0.618249	0.636078	0.621521	0.600667	0.58331	0.562581	0.5344	0.481628	0.407711	0.315774	0.221502	0.150736	0.105138	0.0897228	0.0982937	0.119606	0.135794	0.137788	0.115704	0.0492512	-0.0678309	-0.232437	-0.428343	-0.616121	-0.752076	-0.808416	-0.754105	-0.58279	-0.321026	0	
0	0.216962	0.422726	0.579996	0.666607	0.692055	0.670949	0.609846	0.537774	0.480932	0.442596	0.414865	0.39516	0.38169	0.375995	0.38823	0.415528	0.457697	0.518957	0.593658	0.660793	0.700463	0.702426	0.657547	0.56531	0.446454	0.332402	0.246401	0.181019	0.154845	0.186923	0.278397	0.415201	0.588021	0.772844	0.935865	1.03834	1.04323	0.953179	0.800032	0.600524	0.383389	0.179471	0.00682888	-0.122762	-0.198469	-0.220342	-0.193022	-0.137175	-0.0784194	-0.0318192	0.00667353	0.0462126	0.0870219	0.113214	0.115595	0.0984908	0.0650646	0.00782568	-0.049496	-0.0879872	-0.108175	-0.103464	-0.0560008	0.0347027	0.151856	0.281814	0.41724	0.538828	0.627932	0.683318	0.704747	0.702548	0.694399	0.683226	0.661764	0.628978	0.573787	0.498711	0.4095	0.32398	0.263268	0.227734	0.219683	0.231311	0.245316	0.247464	0.237532	0.201267	0.114082	-0.0271483	-0.211157	-0.418046	-0.612755	-0.754473	-0.810335	-0.752594	-0.579484	-0.315891	0	
0	0.185249	0.353682	0.469263	0.519343	0.522536	0.494873	0.436271	0.370864	0.330296	0.318613	0.322951	0.333713	0.351164	0.378994	0.425449	0.485231	0.551338	0.620378	0.683109	0.72216	0.725377	0.683446	0.595202	0.470747	0.332402	0.203103	0.0997271	0.022813	-0.00772227	0.0270375	0.129249	0.284128	0.479435	0.68786	0.873634	1.00301	1.04024	0.986392	0.869856	0.702415	0.505486	0.306617	0.121129	-0.0358112	-0.145004	-0.202382	-0.211261	-0.191349	-0.159847	-0.122885	-0.0795591	-0.0302008	0.023557	0.0699512	0.104155	0.127757	0.13593	0.118306	0.0893825	0.0631035	0.0446482	0.0432126	0.0759529	0.143967	0.233722	0.337627	0.452194	0.555788	0.629867	0.676778	0.704994	0.723179	0.735618	0.744233	0.742079	0.722012	0.672361	0.599033	0.515612	0.43706	0.384728	0.364487	0.36725	0.379607	0.391554	0.394194	0.378154	0.324262	0.219206	0.0672074	-0.123709	-0.343431	-0.556549	-0.713878	-0.779977	-0.728965	-0.562096	-0.30608	0	
0	0.137892	0.257406	0.332727	0.359531	0.35678	0.331924	0.281286	0.227219	0.199594	0.202811	0.226656	0.266796	0.320551	0.381008	0.453083	0.533273	0.615392	0.689019	0.741684	0.760688	0.734464	0.661928	0.545933	0.402125	0.246401	0.0997271	-0.0173828	-0.103066	-0.142812	-0.108959	0.00912745	0.193815	0.416901	0.644927	0.847969	0.999749	1.06784	1.04984	0.965032	0.826858	0.651945	0.464925	0.279648	0.110998	-0.0233867	-0.115605	-0.169504	-0.19109	-0.186977	-0.160276	-0.115927	-0.0595176	0.00191994	0.0615649	0.117124	0.170845	0.214271	0.229986	0.222904	0.207356	0.189117	0.176308	0.187392	0.225841	0.280374	0.353253	0.442482	0.520697	0.577219	0.622745	0.666637	0.705149	0.7402	0.774789	0.795156	0.791125	0.756359	0.696969	0.622843	0.554377	0.51254	0.499027	0.504772	0.521025	0.542884	0.552382	0.53071	0.470263	0.364357	0.20603	-0.00106779	-0.239191	-0.468586	-0.641976	-0.725502	-0.694446	-0.545435	-0.299881	0	
0	0.0830859	0.15248	0.195968	0.214028	0.217594	0.202411	0.166895	0.127869	0.110513	0.117687	0.152909	0.220553	0.309334	0.399664	0.487598	0.576039	0.66002	0.728494	0.770563	0.770051	0.724706	0.635026	0.508614	0.352057	0.181019	0.022813	-0.103066	-0.197936	-0.242442	-0.197172	-0.0470793	0.171108	0.41945	0.66514	0.883762	1.05143	1.14014	1.14325	1.08191	0.969564	0.818277	0.646177	0.466258	0.291775	0.140615	0.0166283	-0.0770778	-0.135306	-0.15509	-0.13592	-0.0913827	-0.0357973	0.0290727	0.0984548	0.167024	0.238144	0.302102	0.336749	0.344251	0.337491	0.323263	0.301638	0.284365	0.282452	0.298481	0.338099	0.394778	0.450409	0.497922	0.545813	0.596814	0.648788	0.7021	0.75782	0.804046	0.82335	0.810452	0.768364	0.711293	0.658747	0.62743	0.620074	0.630225	0.659158	0.69268	0.706532	0.689143	0.632218	0.521114	0.342989	0.109424	-0.149357	-0.394166	-0.583189	-0.680877	-0.663812	-0.527966	-0.291357	0	
0	0.0338527	0.0630926	0.086027	0.103146	0.114877	0.112501	0.094978	0.0731242	0.0631614	0.0724349	0.117303	0.204958	0.318959	0.428864	0.526848	0.61512	0.691967	0.753458	0.784392	0.773559	0.717212	0.62475	0.494526	0.331515	0.154845	-0.00772227	-0.142812	-0.242442	-0.277432	-0.203571	-0.0250183	0.219704	0.493011	0.762609	0.996733	1.17036	1.26247	1.27497	1.22733	1.13294	0.99433	0.827993	0.651692	0.479859	0.321148	0.179762	0.0604604	-0.0246949	-0.0636754	-0.055338	-0.0183385	0.0354108	0.098625	0.167042	0.237623	0.313227	0.383992	0.43339	0.453046	0.453624	0.438845	0.402223	0.355006	0.317694	0.299328	0.304095	0.332345	0.368784	0.410251	0.459812	0.515675	0.574275	0.638987	0.711823	0.773691	0.811682	0.821348	0.802325	0.765872	0.726496	0.699497	0.696793	0.722707	0.766993	0.812059	0.8374	0.828369	0.774173	0.648331	0.445103	0.190169	-0.0897372	-0.357881	-0.566196	-0.673054	-0.657255	-0.519513	-0.28434	0	
0	0.00152752	0.00661275	0.0184408	0.0329992	0.0478812	0.0549182	0.0543749	0.0472503	0.0459264	0.064176	0.119668	0.217559	0.336867	0.453498	0.553552	0.638478	0.709362	0.766137	0.796805	0.784801	0.731818	0.641003	0.513047	0.354995	0.186923	0.0270375	-0.108959	-0.197172	-0.203571	-0.108374	0.0817095	0.338951	0.633218	0.919414	1.15865	1.32695	1.41659	1.43069	1.38833	1.29575	1.15618	0.991518	0.823956	0.660594	0.504432	0.354108	0.217201	0.113209	0.058098	0.0527437	0.0799663	0.124491	0.180726	0.243518	0.309386	0.38387	0.459353	0.511282	0.534754	0.541313	0.524023	0.472344	0.400659	0.336657	0.290598	0.268067	0.268978	0.29158	0.328346	0.375377	0.431093	0.497177	0.573657	0.652545	0.723138	0.771469	0.793784	0.7881	0.762183	0.732198	0.715695	0.725223	0.762531	0.816275	0.868053	0.90292	0.899632	0.834105	0.691478	0.478514	0.215741	-0.0735804	-0.352166	-0.565932	-0.67172	-0.655428	-0.517897	-0.283198	0	
0	-0.00660004	-0.00703017	0.00106576	0.0114333	0.0248254	0.0379106	0.0502008	0.0553516	0.0679098	0.102128	0.169974	0.264545	0.372259	0.478529	0.571867	0.652173	0.719287	0.77929	0.816048	0.816867	0.774001	0.690537	0.571801	0.429711	0.278397	0.129249	0.00912745	-0.0470793	-0.0250183	0.0817095	0.270298	0.530672	0.82739	1.1111	1.34551	1.50619	1.58713	1.59184	1.53575	1.42773	1.28146	1.12138	0.964654	0.813202	0.664779	0.516799	0.379892	0.268924	0.199057	0.175288	0.182789	0.212992	0.258078	0.314916	0.380324	0.45474	0.525862	0.577293	0.597275	0.592765	0.563103	0.501067	0.419076	0.341355	0.278848	0.231336	0.211261	0.220028	0.244276	0.28515	0.344409	0.421395	0.506311	0.587798	0.653929	0.697377	0.71534	0.710083	0.694842	0.677882	0.675186	0.698597	0.745166	0.797174	0.846899	0.879958	0.865516	0.789411	0.644299	0.436843	0.175639	-0.112523	-0.377592	-0.577006	-0.675937	-0.658631	-0.523509	-0.28886	0	
0	0.00755502	0.0173831	0.0288036	0.0400438	0.0542643	0.0745896	0.0964052	0.116244	0.146087	0.200109	0.275131	0.360208	0.445418	0.530529	0.608488	0.681195	0.746607	0.809088	0.855499	0.87181	0.845028	0.775436	0.673572	0.550375	0.415201	0.284128	0.193815	0.171108	0.219704	0.338951	0.530672	0.78319	1.0645	1.33609	1.5607	1.70484	1.76185	1.73742	1.6498	1.51564	1.35822	1.197	1.04478	0.904779	0.773821	0.647331	0.531122	0.427655	0.349584	0.305078	0.293506	0.306924	0.339515	0.388299	0.45049	0.518895	0.581614	0.619159	0.626206	0.61352	0.570905	0.498601	0.409782	0.322977	0.245947	0.185738	0.152762	0.147574	0.157973	0.190782	0.250346	0.32911	0.41256	0.485465	0.541598	0.575009	0.584324	0.577148	0.562512	0.554889	0.573327	0.613189	0.667095	0.722587	0.770263	0.791596	0.760345	0.676041	0.53413	0.328196	0.0684997	-0.206234	-0.452728	-0.63646	-0.723941	-0.692694	-0.541265	-0.297903	0	
0	0.036087	0.0665717	0.0928275	0.116536	0.144769	0.176651	0.212525	0.249095	0.297603	0.362117	0.435978	0.506114	0.566594	0.623036	0.677521	0.736564	0.794709	0.854229	0.904597	0.935638	0.931109	0.887145	0.810809	0.705911	0.588021	0.479435	0.416901	0.41945	0.493011	0.633218	0.82739	1.0645	1.32807	1.58279	1.78468	1.89402	1.91313	1.84812	1.7209	1.55443	1.37742	1.20621	1.05506	0.928011	0.821942	0.729255	0.646058	0.561726	0.486783	0.440213	0.419791	0.419407	0.435126	0.468107	0.514074	0.565038	0.609985	0.632715	0.625638	0.594567	0.540069	0.463713	0.369157	0.268726	0.180411	0.111475	0.0713703	0.0587591	0.0580763	0.0851581	0.138814	0.206364	0.276361	0.335775	0.379694	0.40489	0.407816	0.39881	0.390298	0.393349	0.420796	0.466116	0.530378	0.599152	0.652581	0.666654	0.628515	0.539166	0.38134	0.164562	-0.0899877	-0.350513	-0.581619	-0.749849	-0.812365	-0.75182	-0.575482	-0.311501	0	
0	0.0640963	0.119559	0.168218	0.219511	0.271331	0.324727	0.378581	0.436431	0.496485	0.558667	0.619086	0.671156	0.706228	0.731142	0.755787	0.79397	0.83721	0.887383	0.93627	0.981463	1.00576	0.997937	0.951913	0.869207	0.772844	0.68786	0.644927	0.66514	0.762609	0.919414	1.1111	1.33609	1.58279	1.80937	1.96714	2.03151	2.00452	1.89049	1.71714	1.51152	1.3116	1.13482	0.991221	0.882652	0.806918	0.751374	0.70519	0.644958	0.587893	0.546943	0.522999	0.51019	0.509592	0.52483	0.557742	0.591783	0.613258	0.610495	0.580123	0.533117	0.466868	0.386545	0.288969	0.181808	0.0882868	0.0154683	-0.0342793	-0.061212	-0.0690706	-0.0438206	0.00427324	0.0599368	0.11295	0.153751	0.180906	0.196971	0.199364	0.199432	0.202602	0.212478	0.244635	0.293514	0.36175	0.43371	0.488187	0.505775	0.471343	0.377067	0.209019	-0.0133387	-0.263306	-0.516218	-0.735499	-0.87548	-0.907883	-0.823226	-0.622842	-0.337329	0	
0	0.0814334	0.157788	0.234045	0.316177	0.39759	0.476443	0.555225	0.634395	0.700012	0.749294	0.78774	0.81651	0.824961	0.816851	0.810668	0.821926	0.847742	0.886412	0.935237	0.995099	1.04953	1.0764	1.06033	1.0041	0.935865	0.873634	0.847969	0.883762	0.996733	1.15865	1.34551	1.5607	1.78468	1.96714	2.07537	2.09088	2.01005	1.84115	1.61763	1.37515	1.15776	0.98278	0.851245	0.765091	0.723525	0.70861	0.694177	0.663298	0.62681	0.595749	0.570951	0.549789	0.536698	0.540635	0.558788	0.570778	0.568565	0.53885	0.487676	0.43007	0.364995	0.286541	0.185054	0.0705484	-0.0299501	-0.109117	-0.16599	-0.197867	-0.208851	-0.187699	-0.151305	-0.115071	-0.076053	-0.0447486	-0.0253271	-0.00890133	-0.00172839	0.00467773	0.0114638	0.0254469	0.0592298	0.106318	0.177085	0.249177	0.30237	0.323194	0.293638	0.200742	0.0367185	-0.175143	-0.419551	-0.666492	-0.867861	-0.986964	-0.999656	-0.893736	-0.672577	-0.363598	0	
0	0.090395	0.186371	0.290163	0.400949	0.509513	0.617422	0.726226	0.827242	0.897879	0.931815	0.943105	0.939185	0.912673	0.869652	0.828486	0.809985	0.813787	0.842887	0.893174	0.965569	1.04057	1.0897	1.09868	1.07416	1.03834	1.00301	0.999749	1.05143	1.17036	1.32695	1.50619	1.70484	1.89402	2.03151	2.09088	2.05539	1.92176	1.70416	1.44488	1.17425	0.943581	0.766449	0.642601	0.579876	0.574906	0.590823	0.61029	0.612916	0.606518	0.597037	0.58334	0.558788	0.533662	0.51939	0.514607	0.503018	0.475503	0.425551	0.365826	0.309615	0.247472	0.170906	0.0691128	-0.0484629	-0.151724	-0.24153	-0.316351	-0.363058	-0.381998	-0.369318	-0.341889	-0.30618	-0.266365	-0.235773	-0.212594	-0.189641	-0.177028	-0.166689	-0.158902	-0.151415	-0.123505	-0.0750582	-0.00444887	0.0709783	0.130235	0.156026	0.131734	0.0404215	-0.114576	-0.311986	-0.546928	-0.784027	-0.971501	-1.07953	-1.08457	-0.959621	-0.713577	-0.385344	0	
0	0.0960112	0.209138	0.333678	0.462629	0.589273	0.72609	0.864386	0.990165	1.06973	1.09584	1.07905	1.03458	0.968576	0.88845	0.815272	0.763619	0.744828	0.761917	0.811169	0.886206	0.962215	1.01581	1.04079	1.04629	1.04323	1.04024	1.06784	1.14014	1.26247	1.41659	1.58713	1.76185	1.91313	2.00452	2.01005	1.92176	1.74164	1.49628	1.21554	0.931629	0.689661	0.506812	0.390836	0.350618	0.365104	0.404982	0.453054	0.495371	0.533279	0.561166	0.567213	0.54444	0.508739	0.475074	0.44825	0.413112	0.364337	0.295819	0.230619	0.179987	0.126434	0.0569718	-0.0364265	-0.146385	-0.257419	-0.367857	-0.465274	-0.53656	-0.57804	-0.579816	-0.552296	-0.509104	-0.455181	-0.407322	-0.373739	-0.343804	-0.328421	-0.318519	-0.314747	-0.308023	-0.273346	-0.217249	-0.139933	-0.0574802	0.0103428	0.0398592	0.0127288	-0.0771007	-0.231331	-0.432127	-0.660292	-0.8853	-1.06093	-1.15481	-1.14593	-1.00548	-0.74311	-0.399009	0	
0	0.100266	0.222639	0.35618	0.486122	0.622101	0.777243	0.941807	1.08782	1.18364	1.20796	1.16678	1.08305	0.979136	0.86964	0.76821	0.688362	0.644775	0.645753	0.68713	0.751908	0.815132	0.860852	0.89532	0.925267	0.953179	0.986392	1.04984	1.14325	1.27497	1.43069	1.59184	1.73742	1.84812	1.89049	1.84115	1.70416	1.49628	1.23633	0.954123	0.668747	0.418293	0.231628	0.122065	0.0868167	0.110164	0.166326	0.245603	0.333288	0.419161	0.486054	0.510324	0.491049	0.449941	0.404426	0.363302	0.318104	0.257119	0.179766	0.112403	0.0629157	0.0142158	-0.0491965	-0.130558	-0.230489	-0.344592	-0.469175	-0.588398	-0.685043	-0.749292	-0.767993	-0.745283	-0.693204	-0.628535	-0.570407	-0.521868	-0.480173	-0.455766	-0.440196	-0.430215	-0.413385	-0.369923	-0.303857	-0.221774	-0.132124	-0.0568994	-0.0310699	-0.0621352	-0.15454	-0.314816	-0.523555	-0.75227	-0.969142	-1.13473	-1.2116	-1.17893	-1.02457	-0.756673	-0.403227	0	
0	0.100632	0.222883	0.349906	0.472225	0.606	0.770532	0.946177	1.10698	1.21602	1.24253	1.18445	1.07335	0.946677	0.818064	0.699145	0.596434	0.528388	0.507534	0.531006	0.578016	0.621828	0.657504	0.695575	0.743864	0.800032	0.869856	0.965032	1.08191	1.22733	1.38833	1.53575	1.6498	1.7209	1.71714	1.61763	1.44488	1.21554	0.954123	0.679495	0.400821	0.152017	-0.0309157	-0.136652	-0.168917	-0.139447	-0.0669087	0.0340924	0.15339	0.274478	0.363387	0.401396	0.393561	0.357505	0.313993	0.276301	0.229556	0.164261	0.0882944	0.0231294	-0.0275873	-0.0777044	-0.137929	-0.208787	-0.299079	-0.414496	-0.54334	-0.668416	-0.781283	-0.863035	-0.895935	-0.880232	-0.834095	-0.776026	-0.712211	-0.652167	-0.596963	-0.553339	-0.519369	-0.491948	-0.461387	-0.410911	-0.337516	-0.247332	-0.155945	-0.087628	-0.0708748	-0.114259	-0.217035	-0.382008	-0.594166	-0.815329	-1.01795	-1.17081	-1.23269	-1.18509	-1.02018	-0.749672	-0.399412	0	
0	0.0917438	0.200306	0.312648	0.422382	0.55175	0.711896	0.8863	1.04894	1.16561	1.1954	1.1347	1.02054	0.891373	0.758948	0.630325	0.510557	0.416835	0.365313	0.360095	0.379058	0.401007	0.422892	0.458787	0.51875	0.600524	0.702415	0.826858	0.969564	1.13294	1.29575	1.42773	1.51564	1.55443	1.51152	1.37515	1.17425	0.931629	0.668747	0.400821	0.134971	-0.101413	-0.27054	-0.364309	-0.386284	-0.344825	-0.263915	-0.154665	-0.0189824	0.111721	0.209712	0.262891	0.268082	0.245343	0.220276	0.194975	0.160645	0.109554	0.0397332	-0.0241794	-0.0734214	-0.12062	-0.177667	-0.242676	-0.327344	-0.442693	-0.572703	-0.702096	-0.825759	-0.920044	-0.963772	-0.96123	-0.932492	-0.888021	-0.828164	-0.762308	-0.692355	-0.622866	-0.562397	-0.512888	-0.459975	-0.39294	-0.314419	-0.225832	-0.140666	-0.0900285	-0.0911825	-0.14787	-0.26921	-0.443325	-0.645105	-0.85141	-1.03795	-1.17131	-1.22067	-1.1679	-1.00196	-0.734773	-0.389819	0	
0	0.0682744	0.151469	0.244002	0.342752	0.463936	0.610122	0.769682	0.922648	1.03809	1.07415	1.02997	0.939132	0.831127	0.710036	0.582936	0.454655	0.339304	0.256281	0.214463	0.200067	0.195593	0.199781	0.225235	0.287223	0.383389	0.505486	0.651945	0.818277	0.99433	1.15618	1.28146	1.35822	1.37742	1.3116	1.15776	0.943581	0.689661	0.418293	0.152017	-0.101413	-0.319664	-0.470628	-0.545063	-0.548741	-0.499274	-0.41422	-0.297407	-0.162029	-0.0362835	0.0633924	0.121146	0.137268	0.134467	0.132529	0.124926	0.108343	0.0759455	0.026326	-0.0209575	-0.0614893	-0.10217	-0.150003	-0.213963	-0.304104	-0.420264	-0.551089	-0.685757	-0.815161	-0.916675	-0.974596	-0.993716	-0.988523	-0.96339	-0.913611	-0.843236	-0.759924	-0.672842	-0.58732	-0.508299	-0.434343	-0.354003	-0.265201	-0.176318	-0.101425	-0.0677465	-0.0881123	-0.160673	-0.291259	-0.468189	-0.66397	-0.861415	-1.04253	-1.16561	-1.20422	-1.15235	-0.992823	-0.726655	-0.382162	0	
0	0.0323645	0.0832948	0.154498	0.242531	0.350571	0.476224	0.613309	0.749378	0.858048	0.905979	0.893555	0.845903	0.774975	0.67989	0.565012	0.438518	0.309912	0.19953	0.120915	0.0701471	0.0382774	0.0222523	0.0323889	0.0855601	0.179471	0.306617	0.464925	0.646177	0.827993	0.991518	1.12138	1.197	1.20621	1.13482	0.98278	0.766449	0.506812	0.231628	-0.0309157	-0.27054	-0.470628	-0.602412	-0.659521	-0.658184	-0.606629	-0.515762	-0.397302	-0.272483	-0.153138	-0.0543401	0.00481949	0.0306084	0.047072	0.0595138	0.0653624	0.068314	0.0594914	0.0383955	0.0194027	0.00644541	-0.0153096	-0.0623816	-0.137372	-0.233613	-0.351903	-0.483832	-0.617515	-0.748889	-0.859546	-0.934806	-0.982056	-1.00748	-1.00475	-0.966215	-0.897289	-0.80391	-0.696137	-0.590973	-0.494668	-0.407018	-0.313597	-0.212322	-0.123009	-0.0577315	-0.0308235	-0.0586652	-0.145743	-0.282007	-0.459907	-0.663469	-0.863966	-1.04199	-1.16417	-1.20114	-1.14197	-0.978387	-0.71506	-0.374744	0	
0	-0.00941914	0.00639293	0.0541421	0.125264	0.212797	0.314049	0.428009	0.546173	0.648903	0.713998	0.742141	0.744544	0.721818	0.664371	0.575212	0.460137	0.328794	0.199755	0.0896296	0.00635594	-0.0515186	-0.0871206	-0.0960576	-0.066049	0.00682888	0.121129	0.279648	0.466258	0.651692	0.823956	0.964654	1.04478	1.05506	0.991221	0.851245	0.642601	0.390836	0.122065	-0.136652	-0.364309	-0.545063	-0.659521	-0.711922	-0.713241	-0.661895	-0.569455	-0.461538	-0.349012	-0.238642	-0.144973	-0.0846472	-0.0447928	-0.0149017	0.00698756	0.0268673	0.0465916	0.0633951	0.0799544	0.0906788	0.0980731	0.0951887	0.0519541	-0.0275181	-0.122723	-0.237662	-0.366383	-0.500285	-0.633964	-0.752002	-0.852133	-0.93109	-0.984395	-1.00783	-0.987581	-0.926307	-0.830966	-0.715229	-0.599039	-0.486227	-0.378085	-0.274236	-0.167773	-0.0713552	-0.00929355	0.0172107	-0.0118262	-0.112903	-0.259609	-0.444493	-0.660035	-0.869798	-1.0437	-1.16345	-1.20271	-1.13193	-0.958403	-0.701265	-0.370126	0	
