0	0	0	0	0	0	0	0	0	0	0	0	0	0	0	0	0	0	0	0	0	0	0	0	0	0	0	0	0	0	0	0	0	0	0	0	0	0	0	0	0	0	0	0	0	0	0	0	0	0	0	0	0	0	0	0	0	0	0	0	0	0	0	0	0	0	0	0	0	0	0	0	0	0	0	0	0	0	0	0	0	0	0	0	0	0	0	0	0	0	0	0	0	0	0	0	0	0	0	0	
0	-0.0256077	-0.0115004	0.00444173	-0.0139159	-0.0383095	-0.0386059	-0.0256747	-0.0239655	-0.0405544	-0.0538517	-0.0409515	-0.00429086	0.0414145	0.0787767	0.0946677	0.0900445	0.0737742	0.0525166	0.0313196	0.0143226	0.00130568	-0.00739599	-0.0123339	-0.015104	-0.015706	-0.0155689	-0.0148969	-0.0140616	-0.0137216	-0.0133465	-0.0138439	-0.0140866	-0.0150804	-0.0151566	-0.0152411	-0.0133515	-0.00960603	-0.00258881	0.00908441	0.0259607	0.0488268	0.0788917	0.112798	0.150387	0.187548	0.218256	0.239695	0.245854	0.229084	0.187862	0.1241	0.0422435	-0.0483551	-0.140677	-0.226742	-0.301512	-0.371457	-0.42809	-0.445457	-0.426844	-0.399408	-0.360044	-0.284324	-0.179668	-0.0803528	0.00130129	0.0823373	0.171453	0.248368	0.283693	0.267127	0.213314	0.147536	0.0898308	0.048774	0.0238604	0.0106066	0.00431456	0.00161565	0.00055978	0.000180244	5.41437e-05	1.5225e-05	4.0198e-06	9.99229e-07	2.34424e-07	5.20214e-08	1.09416e-08	2.18529e-09	4.15152e-10	7.51381e-11	1.29749e-11	2.14058e-12	3.37826e-13	5.1063e-14	7.40039e-15	1.02917e-15	1.35394e-16	0	
0	-0.0115004	-0.0159655	-0.0264905	-0.0475489	-0.0656975	-0.0701546	-0.0679157	-0.0844127	-0.123576	-0.147335	-0.122316	-0.0484726	0.0464871	0.125885	0.170076	0.178952	0.16313	0.134244	0.103183	0.0757433	0.0537576	0.0383015	0.0276593	0.0211268	0.0175238	0.0154257	0.0147975	0.0143938	0.0143799	0.0144581	0.0142835	0.0147031	0.0149539	0.0166215	0.0193792	0.0247283	0.0337113	0.047516	0.0676858	0.0964075	0.133134	0.180033	0.234852	0.2936	0.351721	0.399793	0.428198	0.428103	0.392483	0.318372	0.209092	0.0679283	-0.0963395	-0.271797	-0.449071	-0.607386	-0.728795	-0.813296	-0.854653	-0.842739	-0.785216	-0.687389	-0.540413	-0.354583	-0.165837	0.00623767	0.173419	0.34077	0.477949	0.541059	0.513023	0.41651	0.294487	0.183845	0.102501	0.0515231	0.0235357	0.00983616	0.00378269	0.00134529	0.000444384	0.000136865	3.94355e-05	1.06626e-05	2.71269e-06	6.50984e-07	1.47689e-07	3.17409e-08	6.47445e-09	1.25559e-09	2.31873e-10	4.08371e-11	6.8685e-12	1.10467e-12	1.70093e-13	2.51025e-14	3.55366e-15	4.7549e-16	0	
0	0.00444173	-0.0264905	-0.0615705	-0.0784405	-0.101087	-0.132466	-0.162426	-0.204233	-0.253013	-0.279152	-0.252542	-0.160048	-0.0295401	0.0983589	0.195525	0.250165	0.266936	0.258188	0.23786	0.212798	0.189349	0.16856	0.151068	0.137401	0.126116	0.117863	0.111771	0.10751	0.105603	0.104823	0.106587	0.10932	0.115046	0.121836	0.132437	0.144809	0.16142	0.181894	0.206443	0.236665	0.272535	0.312469	0.359223	0.407881	0.455575	0.496048	0.519481	0.513549	0.469212	0.376563	0.233369	0.0460751	-0.177806	-0.416259	-0.652268	-0.872554	-1.04442	-1.15471	-1.21566	-1.21342	-1.12539	-0.965094	-0.758417	-0.515628	-0.249047	0.0189993	0.272627	0.499657	0.672301	0.752197	0.721218	0.600721	0.439286	0.284787	0.165151	0.086365	0.0410204	0.0178078	0.00710525	0.00261841	0.000895084	0.000284927	8.47502e-05	2.3628e-05	6.19163e-06	1.52887e-06	3.56556e-07	7.87023e-08	1.64737e-08	3.27578e-09	6.19829e-10	1.11771e-10	1.92355e-11	3.16353e-12	4.97822e-13	7.50438e-14	1.08455e-14	1.4798e-15	0	
0	-0.0139159	-0.0475489	-0.0784405	-0.108159	-0.159662	-0.230707	-0.313934	-0.392475	-0.447047	-0.472557	-0.442067	-0.336782	-0.173305	0.0137421	0.178802	0.297972	0.365738	0.393208	0.393694	0.37872	0.357076	0.332661	0.309736	0.28847	0.270158	0.255786	0.243949	0.236646	0.232181	0.231412	0.234621	0.240299	0.251046	0.263631	0.281159	0.300972	0.324006	0.349285	0.376651	0.40303	0.431433	0.456189	0.478819	0.498257	0.512935	0.519307	0.513546	0.487974	0.429566	0.32767	0.168767	-0.0407638	-0.291792	-0.568303	-0.835398	-1.08227	-1.29791	-1.44659	-1.51497	-1.5015	-1.39026	-1.19081	-0.939142	-0.647608	-0.3127	0.0409434	0.367304	0.63307	0.819508	0.907218	0.882813	0.759299	0.578921	0.393023	0.23896	0.130946	0.0650806	0.0295101	0.0122746	0.00470644	0.00167086	0.00055141	0.000169763	4.89145e-05	1.32289e-05	3.36702e-06	8.0844e-07	1.8352e-07	3.94665e-08	8.05546e-09	1.5632e-09	2.88861e-10	5.09049e-11	8.56688e-12	1.3786e-12	2.12387e-13	3.1351e-14	4.36395e-15	0	
0	-0.0383095	-0.0656975	-0.101087	-0.159662	-0.238555	-0.356922	-0.509288	-0.634557	-0.70878	-0.731088	-0.682336	-0.557102	-0.355401	-0.114721	0.114369	0.298295	0.418954	0.485935	0.50998	0.509096	0.49269	0.471868	0.44857	0.42673	0.407927	0.391823	0.379585	0.371444	0.366355	0.366182	0.368775	0.376318	0.386504	0.401812	0.418907	0.44081	0.463864	0.488329	0.513613	0.535419	0.55271	0.564444	0.564287	0.552418	0.526795	0.488906	0.433307	0.364685	0.274166	0.158043	0.00527995	-0.195184	-0.431689	-0.70601	-0.995498	-1.25966	-1.48837	-1.65528	-1.72338	-1.69384	-1.57389	-1.36193	-1.07563	-0.734405	-0.344443	0.0661214	0.438138	0.724606	0.913655	1.00594	0.996539	0.888315	0.709206	0.506376	0.324054	0.186694	0.0973546	0.0462086	0.020071	0.00801801	0.00295937	0.00101336	0.00032313	9.62742e-05	2.68835e-05	7.05515e-06	1.74449e-06	4.07351e-07	9.00175e-08	1.88618e-08	3.7542e-09	7.10963e-10	1.28304e-10	2.20963e-11	3.63633e-12	5.7255e-13	8.63249e-14	1.22583e-14	0	
0	-0.0386059	-0.0701546	-0.132466	-0.230707	-0.356922	-0.532939	-0.728974	-0.888875	-0.988179	-1.00424	-0.943954	-0.805088	-0.581756	-0.311219	-0.0309983	0.206575	0.381456	0.491563	0.548597	0.570819	0.573302	0.565892	0.552665	0.540155	0.527458	0.515899	0.508426	0.500994	0.498694	0.497607	0.499754	0.505648	0.511926	0.523676	0.53424	0.548935	0.562802	0.57734	0.588588	0.598798	0.598167	0.590726	0.567694	0.528671	0.465548	0.385651	0.286225	0.172414	0.0525035	-0.0809337	-0.22418	-0.40141	-0.615716	-0.856346	-1.12712	-1.38965	-1.60544	-1.76102	-1.82869	-1.7982	-1.67994	-1.46517	-1.1522	-0.769703	-0.348136	0.0815957	0.468265	0.763423	0.954991	1.05475	1.06668	0.986535	0.82561	0.620697	0.418531	0.253725	0.13891	0.0690458	0.0313265	0.0130403	0.00500414	0.00177795	0.000587164	0.000180881	5.21449e-05	1.41085e-05	3.59208e-06	8.62693e-07	1.95871e-07	4.21275e-08	8.59912e-09	1.66872e-09	3.08352e-10	5.43364e-11	9.14356e-12	1.47122e-12	2.26545e-13	3.28142e-14	0	
0	-0.0256747	-0.0679157	-0.162426	-0.313934	-0.509288	-0.728974	-0.944698	-1.13545	-1.24868	-1.26003	-1.19597	-1.05211	-0.840654	-0.571016	-0.274767	-0.00283242	0.222706	0.379699	0.483128	0.542764	0.578677	0.593505	0.603625	0.605812	0.606092	0.605048	0.603627	0.601497	0.601469	0.600401	0.601621	0.602553	0.604348	0.605495	0.606754	0.605207	0.60204	0.595674	0.582741	0.566305	0.541146	0.506311	0.459723	0.399143	0.320604	0.216661	0.0963881	-0.0489635	-0.197118	-0.347989	-0.49688	-0.645846	-0.824676	-1.0223	-1.23294	-1.44948	-1.63544	-1.77301	-1.84383	-1.82163	-1.70328	-1.48445	-1.16043	-0.763498	-0.341775	0.073481	0.450145	0.748029	0.948694	1.06277	1.10027	1.05498	0.924232	0.730873	0.518903	0.330838	0.190081	0.0989015	0.0468526	0.0203151	0.00810218	0.00298575	0.00102085	0.000325044	9.6707e-05	2.69671e-05	7.0676e-06	1.74528e-06	4.07019e-07	8.98329e-08	1.88006e-08	3.73764e-09	7.07027e-10	1.27454e-10	2.19266e-11	3.60468e-12	5.66784e-13	8.37247e-14	0	
0	-0.0239655	-0.0844127	-0.204233	-0.392475	-0.634557	-0.888875	-1.13545	-1.3466	-1.46345	-1.48292	-1.42219	-1.30174	-1.13214	-0.890098	-0.603201	-0.300278	-0.0321067	0.178819	0.331494	0.433828	0.499448	0.541735	0.571596	0.588807	0.602232	0.611455	0.614979	0.620777	0.619893	0.621957	0.619941	0.617011	0.613907	0.604647	0.596787	0.580069	0.561291	0.533487	0.499946	0.454137	0.403289	0.33828	0.267855	0.182184	0.0923213	-0.0159838	-0.137357	-0.282144	-0.449727	-0.61485	-0.775046	-0.90821	-1.02898	-1.15988	-1.29908	-1.45087	-1.59592	-1.71093	-1.77719	-1.75814	-1.63668	-1.41964	-1.11137	-0.737433	-0.345788	0.03394	0.38703	0.685502	0.902843	1.03891	1.10466	1.09625	1.00253	0.831894	0.620777	0.415705	0.250386	0.136255	0.0673451	0.0303945	0.0125904	0.00480942	0.00170146	0.000559653	0.000171757	4.93394e-05	1.33049e-05	3.37679e-06	8.0857e-07	1.83063e-07	3.92673e-08	7.99487e-09	1.5477e-09	2.85331e-10	5.01693e-11	8.4246e-12	1.35227e-12	2.03664e-13	0	
0	-0.0405544	-0.123576	-0.253013	-0.447047	-0.70878	-0.988179	-1.24868	-1.46345	-1.60405	-1.66201	-1.6446	-1.58142	-1.45439	-1.24367	-0.960059	-0.637465	-0.336047	-0.0779145	0.111108	0.246059	0.333074	0.397448	0.436128	0.468437	0.489377	0.506305	0.516829	0.525782	0.528223	0.53021	0.526972	0.520806	0.511713	0.497016	0.478683	0.454225	0.423376	0.384006	0.337813	0.278031	0.210217	0.127036	0.0344124	-0.069243	-0.183936	-0.301947	-0.426932	-0.551627	-0.69824	-0.852129	-0.997552	-1.1169	-1.19751	-1.26123	-1.32636	-1.4108	-1.50731	-1.58581	-1.62765	-1.60298	-1.48814	-1.29373	-1.03154	-0.713275	-0.372277	-0.0358031	0.289846	0.587899	0.82647	0.990482	1.0862	1.11382	1.0596	0.919704	0.719594	0.505207	0.318551	0.181089	0.0932865	0.0437836	0.0188213	0.00744668	0.00272392	0.00092493	0.00029262	8.65409e-05	2.39976e-05	6.25644e-06	1.53739e-06	3.56878e-07	7.84234e-08	1.63453e-08	3.23689e-09	6.10051e-10	1.09589e-10	1.87907e-11	3.07805e-12	4.72495e-13	0	
0	-0.0538517	-0.147335	-0.279152	-0.472557	-0.731088	-1.00424	-1.26003	-1.48292	-1.66201	-1.78625	-1.84673	-1.84273	-1.7564	-1.58168	-1.32056	-1.00897	-0.688308	-0.406513	-0.1873	-0.0265115	0.0855039	0.164006	0.219352	0.263053	0.294645	0.319075	0.338775	0.348818	0.357795	0.356909	0.353808	0.343776	0.327272	0.307656	0.27736	0.24504	0.201293	0.152652	0.0936217	0.0270566	-0.0513711	-0.137061	-0.240246	-0.347279	-0.466706	-0.590499	-0.714573	-0.824161	-0.927119	-1.03818	-1.14943	-1.24201	-1.29602	-1.32053	-1.32761	-1.33853	-1.36861	-1.39617	-1.40347	-1.37496	-1.28702	-1.14149	-0.947971	-0.703498	-0.421768	-0.127426	0.172371	0.468396	0.728269	0.923084	1.0498	1.11138	1.09609	0.991663	0.811257	0.595859	0.392649	0.232848	0.124865	0.0608777	0.02713	0.0111073	0.00419719	0.00147005	0.000479055	0.000145754	4.15329e-05	1.11156e-05	2.8013e-06	6.66337e-07	1.49925e-07	3.19709e-08	6.4734e-09	1.24664e-09	2.28694e-10	4.00228e-11	6.68777e-12	1.04592e-12	0	
0	-0.0409515	-0.122316	-0.252542	-0.442067	-0.682336	-0.943954	-1.19597	-1.42219	-1.6446	-1.84673	-1.98088	-2.03071	-1.99195	-1.87245	-1.6677	-1.38843	-1.07601	-0.784426	-0.540238	-0.354926	-0.220425	-0.125129	-0.0526786	-0.000511171	0.0419301	0.0728659	0.0971685	0.111926	0.121575	0.122013	0.116853	0.104029	0.0833347	0.056499	0.0201323	-0.0224264	-0.0744764	-0.133722	-0.201129	-0.275529	-0.358279	-0.442818	-0.535988	-0.63464	-0.73341	-0.837691	-0.94602	-1.03924	-1.10852	-1.16718	-1.23117	-1.29787	-1.33058	-1.32099	-1.28059	-1.22373	-1.18008	-1.15319	-1.13352	-1.11484	-1.07297	-0.993396	-0.876491	-0.708865	-0.48641	-0.229874	0.0472182	0.338639	0.61601	0.841121	0.999097	1.09248	1.11378	1.04664	0.892572	0.684231	0.470317	0.290484	0.16193	0.0819063	0.0377966	0.0159952	0.00623753	0.00225125	0.00075499	0.000236113	6.90822e-05	1.89649e-05	4.89815e-06	1.19306e-06	2.74669e-07	5.98902e-08	1.23913e-08	2.43695e-09	4.56293e-10	8.14611e-11	1.38787e-11	2.21031e-12	0	
0	-0.00429086	-0.0484726	-0.160048	-0.336782	-0.557102	-0.805088	-1.05211	-1.30174	-1.58142	-1.84273	-2.03071	-2.12568	-2.14321	-2.10107	-1.9631	-1.7312	-1.44055	-1.14891	-0.890971	-0.688886	-0.541551	-0.435542	-0.359326	-0.303099	-0.25909	-0.226534	-0.201346	-0.185081	-0.17549	-0.174392	-0.17987	-0.193562	-0.214696	-0.243053	-0.279949	-0.324267	-0.375242	-0.436248	-0.501086	-0.572775	-0.651743	-0.729434	-0.808066	-0.88756	-0.96058	-1.02465	-1.09881	-1.17519	-1.2265	-1.25204	-1.26192	-1.2792	-1.28594	-1.24888	-1.16717	-1.05674	-0.956503	-0.89145	-0.861755	-0.865745	-0.87791	-0.866433	-0.820421	-0.722352	-0.55522	-0.332985	-0.07623	0.207564	0.496357	0.748401	0.936918	1.06023	1.11509	1.08485	0.961458	0.767308	0.549021	0.352555	0.203985	0.106894	0.0510114	0.022287	0.00895885	0.00332837	0.00114754	0.000368528	0.000110609	3.112e-05	8.23026e-06	2.05115e-06	4.82818e-07	1.07568e-07	2.27264e-08	4.56142e-09	8.71178e-10	1.58565e-10	2.75288e-11	4.46209e-12	0	
0	0.0414145	0.0464871	-0.0295401	-0.173305	-0.355401	-0.581756	-0.840654	-1.13214	-1.45439	-1.7564	-1.99195	-2.14321	-2.24048	-2.26604	-2.17959	-1.99021	-1.73045	-1.45405	-1.1916	-0.990527	-0.839635	-0.736193	-0.661086	-0.610402	-0.567344	-0.539616	-0.514374	-0.50055	-0.491418	-0.489621	-0.496824	-0.506997	-0.528985	-0.552956	-0.585557	-0.624999	-0.666532	-0.716108	-0.771322	-0.823922	-0.887568	-0.950182	-1.00866	-1.07211	-1.13211	-1.17083	-1.19538	-1.23328	-1.26356	-1.2645	-1.23482	-1.19525	-1.1537	-1.08939	-0.989984	-0.858016	-0.731796	-0.652489	-0.62746	-0.656491	-0.716651	-0.763902	-0.775802	-0.7353	-0.618361	-0.429133	-0.192025	0.0812647	0.374826	0.648509	0.865689	1.01734	1.10273	1.1075	1.01695	0.842726	0.62631	0.417368	0.250225	0.135641	0.0668456	0.0301113	0.0124613	0.00475989	0.00168525	0.000555168	0.000170755	4.91889e-05	1.33086e-05	3.39067e-06	8.15355e-07	1.85459e-07	3.99806e-08	8.18351e-09	1.59313e-09	2.9543e-10	5.22312e-11	8.61113e-12	0	
0	0.0787767	0.125885	0.0983589	0.0137421	-0.114721	-0.311219	-0.571016	-0.890098	-1.24367	-1.58168	-1.87245	-2.10107	-2.26604	-2.33229	-2.29549	-2.16552	-1.95792	-1.6974	-1.44774	-1.24962	-1.09502	-0.989854	-0.920388	-0.868761	-0.833501	-0.806543	-0.786885	-0.772731	-0.767095	-0.763551	-0.7707	-0.780107	-0.796305	-0.820766	-0.844106	-0.878804	-0.913251	-0.948195	-0.99244	-1.03032	-1.06742	-1.11347	-1.14616	-1.17505	-1.21386	-1.24337	-1.24077	-1.22709	-1.21569	-1.18736	-1.12076	-1.03662	-0.95844	-0.874782	-0.777681	-0.659301	-0.540127	-0.465973	-0.451551	-0.497672	-0.589681	-0.680604	-0.73668	-0.741599	-0.669468	-0.513467	-0.296852	-0.0365173	0.255768	0.54489	0.787724	0.966148	1.07934	1.11642	1.05908	0.908889	0.70002	0.483141	0.299613	0.167733	0.0852342	0.0395299	0.0168193	0.00659692	0.00239559	0.000808587	0.000254582	7.50077e-05	2.07407e-05	5.3967e-06	1.32453e-06	3.07315e-07	6.75411e-08	1.40872e-08	2.7932e-09	5.2733e-10	9.48728e-11	1.58983e-11	0	
0	0.0946677	0.170076	0.195525	0.178802	0.114369	-0.0309983	-0.274767	-0.603201	-0.960059	-1.32056	-1.6677	-1.9631	-2.17959	-2.29549	-2.33288	-2.27574	-2.10945	-1.87236	-1.64165	-1.43645	-1.27805	-1.17568	-1.10828	-1.0586	-1.03475	-1.00788	-0.996557	-0.984585	-0.979254	-0.979619	-0.980277	-0.992151	-0.999335	-1.0196	-1.03682	-1.05846	-1.08775	-1.10954	-1.13871	-1.16818	-1.18496	-1.2066	-1.22541	-1.22098	-1.21235	-1.21213	-1.18671	-1.13791	-1.08007	-1.02206	-0.940803	-0.831285	-0.73292	-0.650516	-0.574935	-0.491629	-0.399395	-0.339002	-0.333911	-0.386303	-0.491613	-0.609659	-0.698098	-0.73851	-0.705918	-0.583584	-0.389123	-0.143733	0.142412	0.440749	0.705338	0.908734	1.04736	1.11378	1.08863	0.964972	0.768419	0.548154	0.35096	0.202571	0.105972	0.0505249	0.0220709	0.00887692	0.00330198	0.00114053	0.000367152	0.000110514	3.11975e-05	8.28177e-06	2.07252e-06	4.90029e-07	1.09696e-07	2.32933e-08	4.70006e-09	9.0262e-10	1.65122e-10	2.8104e-11	0	
0	0.0900445	0.178952	0.250165	0.297972	0.298295	0.206575	-0.00283242	-0.300278	-0.637465	-1.00897	-1.38843	-1.7312	-1.99021	-2.16552	-2.27574	-2.27123	-2.14787	-1.95005	-1.73999	-1.53515	-1.38845	-1.29102	-1.22582	-1.18936	-1.17102	-1.15101	-1.14773	-1.13799	-1.13555	-1.13757	-1.13461	-1.14531	-1.14605	-1.15815	-1.16706	-1.17534	-1.1878	-1.19823	-1.20011	-1.21435	-1.21031	-1.20304	-1.19577	-1.17713	-1.12886	-1.08794	-1.03789	-0.965574	-0.883846	-0.802845	-0.721423	-0.621068	-0.528308	-0.4593	-0.409853	-0.367049	-0.310134	-0.264341	-0.262241	-0.311553	-0.415932	-0.546732	-0.657696	-0.725867	-0.727776	-0.638936	-0.468357	-0.239466	0.0369761	0.338896	0.620823	0.847014	1.00899	1.10178	1.1069	1.01084	0.830277	0.61087	0.403032	0.239412	0.128723	0.0629927	0.0282089	0.0116178	0.00442063	0.00156053	0.000512987	0.000157563	4.53564e-05	1.22705e-05	3.12764e-06	7.52835e-07	1.71485e-07	3.70371e-08	7.59814e-09	1.48301e-09	2.75623e-10	4.76082e-11	0	
0	0.0737742	0.16313	0.266936	0.365738	0.418954	0.381456	0.222706	-0.0321067	-0.336047	-0.688308	-1.07601	-1.44055	-1.73045	-1.95792	-2.10945	-2.14787	-2.07334	-1.92515	-1.73387	-1.54297	-1.40925	-1.31244	-1.25491	-1.23122	-1.2133	-1.20767	-1.20554	-1.20144	-1.20202	-1.20159	-1.20093	-1.20285	-1.20384	-1.20287	-1.20519	-1.2025	-1.19453	-1.1948	-1.17171	-1.15858	-1.13598	-1.09928	-1.0599	-1.02326	-0.964046	-0.893999	-0.827788	-0.74745	-0.662987	-0.585508	-0.519654	-0.44101	-0.366002	-0.319636	-0.29579	-0.283882	-0.258219	-0.226643	-0.223122	-0.262651	-0.356749	-0.489751	-0.615474	-0.705236	-0.736695	-0.680189	-0.534774	-0.32354	-0.0591863	0.241632	0.536361	0.782789	0.966165	1.08258	1.11551	1.0469	0.884873	0.670024	0.454627	0.277428	0.153041	0.0767455	0.0351769	0.014813	0.00575758	0.00207439	0.000695436	0.000217689	6.38236e-05	1.7576e-05	4.55794e-06	1.11569e-06	2.58329e-07	5.66915e-08	1.18131e-08	2.34115e-09	4.41644e-10	7.73512e-11	0	
0	0.0525166	0.134244	0.258188	0.393208	0.485935	0.491563	0.379699	0.178819	-0.0779145	-0.406513	-0.784426	-1.14891	-1.45405	-1.6974	-1.87236	-1.95005	-1.92515	-1.80947	-1.62644	-1.45289	-1.31672	-1.22114	-1.17059	-1.15353	-1.13922	-1.14858	-1.14538	-1.15158	-1.15367	-1.15051	-1.15508	-1.1439	-1.14669	-1.13194	-1.12473	-1.11175	-1.0899	-1.07162	-1.04459	-1.00597	-0.970857	-0.921897	-0.86202	-0.803417	-0.741226	-0.672379	-0.610457	-0.539192	-0.465985	-0.400014	-0.356387	-0.312871	-0.26085	-0.228927	-0.222881	-0.23327	-0.230501	-0.209802	-0.203678	-0.231679	-0.310609	-0.438198	-0.572455	-0.678871	-0.735135	-0.70879	-0.589059	-0.396246	-0.145416	0.150691	0.453929	0.717755	0.920609	1.05813	1.11619	1.074	0.931947	0.72466	0.504653	0.31576	0.178398	0.0915195	0.0428677	0.0184289	0.00730629	0.00268289	0.000916036	0.000291849	8.70404e-05	2.43698e-05	6.42223e-06	1.59684e-06	3.75424e-07	8.36258e-08	1.76814e-08	3.55449e-09	6.79948e-10	1.20644e-10	0	
0	0.0313196	0.103183	0.23786	0.393694	0.50998	0.548597	0.483128	0.331494	0.111108	-0.1873	-0.540238	-0.890971	-1.1916	-1.44774	-1.64165	-1.73999	-1.73387	-1.62644	-1.45773	-1.28522	-1.14388	-1.04757	-1.00171	-0.981686	-0.980508	-0.989393	-0.99499	-1.00347	-1.00713	-1.00626	-1.00588	-0.996277	-0.988231	-0.972397	-0.953741	-0.930664	-0.902896	-0.868729	-0.833599	-0.790377	-0.746603	-0.697262	-0.645947	-0.591155	-0.531038	-0.464081	-0.416531	-0.369661	-0.318401	-0.272521	-0.246622	-0.227213	-0.198172	-0.179174	-0.180305	-0.20185	-0.216094	-0.204263	-0.194794	-0.212038	-0.27513	-0.392647	-0.530185	-0.649013	-0.725697	-0.726625	-0.632245	-0.458188	-0.221576	0.067259	0.375211	0.653479	0.873852	1.03019	1.11066	1.09321	0.971627	0.77414	0.552176	0.353565	0.204214	0.106989	0.0511273	0.0224039	0.00904623	0.00338064	0.00117395	0.000380173	0.000115186	3.27475e-05	8.75942e-06	2.20975e-06	5.26916e-07	1.19002e-07	2.55033e-08	5.1952e-09	1.00674e-09	1.80787e-10	0	
0	0.0143226	0.0757433	0.212798	0.37872	0.509096	0.570819	0.542764	0.433828	0.246059	-0.0265115	-0.354926	-0.688886	-0.990527	-1.24962	-1.43645	-1.53515	-1.54297	-1.45289	-1.28522	-1.10732	-0.956286	-0.850612	-0.793776	-0.771189	-0.766228	-0.775187	-0.780973	-0.790554	-0.793737	-0.794149	-0.792329	-0.782112	-0.773713	-0.754678	-0.736659	-0.71175	-0.682325	-0.650376	-0.614814	-0.570161	-0.532212	-0.485634	-0.437179	-0.398448	-0.363794	-0.314903	-0.277997	-0.250258	-0.221593	-0.190741	-0.178379	-0.179675	-0.166292	-0.154001	-0.157137	-0.181233	-0.206302	-0.203603	-0.192196	-0.199849	-0.248006	-0.353347	-0.490227	-0.617758	-0.710829	-0.735725	-0.66559	-0.510173	-0.287905	-0.00796321	0.301565	0.591372	0.827258	1.00031	1.10055	1.10577	1.00434	0.818122	0.596443	0.390062	0.229892	0.122783	0.0597612	0.0266499	0.0109425	0.00415558	0.00146557	0.000481753	0.000148089	4.26967e-05	1.15775e-05	2.95971e-06	7.14952e-07	1.63528e-07	3.54827e-08	7.31644e-09	1.43474e-09	2.60508e-10	0	
0	0.00130568	0.0537576	0.189349	0.357076	0.49269	0.573302	0.578677	0.499448	0.333074	0.0855039	-0.220425	-0.541551	-0.839635	-1.09502	-1.27805	-1.38845	-1.40925	-1.31672	-1.14388	-0.956286	-0.786384	-0.661454	-0.593907	-0.558485	-0.549246	-0.553738	-0.558406	-0.566034	-0.570291	-0.568882	-0.568759	-0.558308	-0.550141	-0.534578	-0.515985	-0.496506	-0.472127	-0.443634	-0.421114	-0.385656	-0.357603	-0.3287	-0.294702	-0.259639	-0.240767	-0.210891	-0.189955	-0.17785	-0.164491	-0.149525	-0.142677	-0.151305	-0.149373	-0.142494	-0.145726	-0.168271	-0.198263	-0.203216	-0.192252	-0.192932	-0.227894	-0.32023	-0.453618	-0.586811	-0.692712	-0.738116	-0.690482	-0.553134	-0.344891	-0.0746709	0.234011	0.532664	0.782036	0.969836	1.08737	1.11294	1.03072	0.856519	0.636888	0.424555	0.254845	0.138506	0.0685445	0.0310558	0.0129467	0.00498888	0.0017843	0.000594523	0.000185165	5.40695e-05	1.48437e-05	3.84068e-06	9.38737e-07	2.17196e-07	4.76614e-08	9.93672e-09	1.96973e-09	3.61251e-10	0	
0	-0.00739599	0.0383015	0.16856	0.332661	0.471868	0.565892	0.593505	0.541735	0.397448	0.164006	-0.125129	-0.435542	-0.736193	-0.989854	-1.17568	-1.29102	-1.31244	-1.22114	-1.04757	-0.850612	-0.661454	-0.524387	-0.441631	-0.393449	-0.378716	-0.375831	-0.376949	-0.383521	-0.38429	-0.385354	-0.383181	-0.376838	-0.369232	-0.357878	-0.344446	-0.327206	-0.31324	-0.287662	-0.275122	-0.249978	-0.231734	-0.214514	-0.198208	-0.177978	-0.167851	-0.153163	-0.139319	-0.13842	-0.135477	-0.125303	-0.122904	-0.138752	-0.143423	-0.137382	-0.138213	-0.15829	-0.191664	-0.203144	-0.193222	-0.188986	-0.213289	-0.293112	-0.421108	-0.557455	-0.673149	-0.73569	-0.708354	-0.588068	-0.393172	-0.132859	0.17326	0.478387	0.73925	0.939932	1.07243	1.11595	1.05151	0.88944	0.673127	0.45645	0.278517	0.153756	0.0772325	0.0354927	0.0149989	0.00585555	0.00212073	0.000715235	0.000225389	6.65684e-05	1.84784e-05	4.833e-06	1.19379e-06	2.79068e-07	6.18596e-08	1.30251e-08	2.60706e-09	4.82455e-10	0	
0	-0.0123339	0.0276593	0.151068	0.309736	0.44857	0.552665	0.603625	0.571596	0.436128	0.219352	-0.0526786	-0.359326	-0.661086	-0.920388	-1.10828	-1.22582	-1.25491	-1.17059	-1.00171	-0.793776	-0.593907	-0.441631	-0.342285	-0.282422	-0.260251	-0.24711	-0.247536	-0.248516	-0.248179	-0.250867	-0.245726	-0.246318	-0.237311	-0.233881	-0.224175	-0.214528	-0.206458	-0.192538	-0.182665	-0.170511	-0.157266	-0.148042	-0.138218	-0.129758	-0.130196	-0.121949	-0.11387	-0.116108	-0.121065	-0.118883	-0.113912	-0.128381	-0.138782	-0.136468	-0.135842	-0.150922	-0.184381	-0.202057	-0.194814	-0.187249	-0.202849	-0.271301	-0.393036	-0.530658	-0.653597	-0.730123	-0.7206	-0.61599	-0.433459	-0.18273	0.119759	0.429373	0.699815	0.911594	1.05689	1.11595	1.06753	0.917143	0.704927	0.485264	0.300405	0.168138	0.0855726	0.039821	0.0170307	0.00672564	0.00246294	0.000839563	0.000267316	7.97473e-05	2.23536e-05	5.90242e-06	1.47154e-06	3.47138e-07	7.76363e-08	1.64904e-08	3.32902e-09	6.20962e-10	0	
0	-0.015104	0.0211268	0.137401	0.28847	0.42673	0.540155	0.605812	0.588807	0.468437	0.263053	-0.000511171	-0.303099	-0.610402	-0.868761	-1.0586	-1.18936	-1.23122	-1.15353	-0.981686	-0.771189	-0.558485	-0.393449	-0.282422	-0.215143	-0.182743	-0.168992	-0.162976	-0.163837	-0.162617	-0.163232	-0.162097	-0.159631	-0.15702	-0.152789	-0.148069	-0.1426	-0.139085	-0.130016	-0.130893	-0.122572	-0.118851	-0.117772	-0.11307	-0.101346	-0.106162	-0.108693	-0.103192	-0.107623	-0.11313	-0.113317	-0.109779	-0.124374	-0.137136	-0.135177	-0.13333	-0.145803	-0.178655	-0.200349	-0.195886	-0.186691	-0.195699	-0.254197	-0.36943	-0.507031	-0.635183	-0.722854	-0.72852	-0.637879	-0.466476	-0.224614	0.0737437	0.386268	0.664507	0.885669	1.04172	1.11397	1.07957	0.939972	0.732181	0.510616	0.320065	0.181287	0.0933162	0.0438967	0.018969	0.00756582	0.00279721	0.000962336	0.000309153	9.30305e-05	2.62976e-05	7.00108e-06	1.75951e-06	4.18341e-07	9.42835e-08	2.01782e-08	4.10372e-09	7.70733e-10	0	
0	-0.015706	0.0175238	0.126116	0.270158	0.407927	0.527458	0.606092	0.602232	0.489377	0.294645	0.0419301	-0.25909	-0.567344	-0.833501	-1.03475	-1.17102	-1.2133	-1.13922	-0.980508	-0.766228	-0.549246	-0.378716	-0.260251	-0.182743	-0.15105	-0.127237	-0.123464	-0.119988	-0.117799	-0.120657	-0.115425	-0.120109	-0.112972	-0.11598	-0.111745	-0.107726	-0.109562	-0.101316	-0.100129	-0.0997331	-0.0934078	-0.0942922	-0.0993973	-0.0976879	-0.0991704	-0.100798	-0.0963301	-0.101754	-0.110136	-0.112525	-0.108095	-0.120276	-0.134674	-0.135316	-0.132884	-0.141631	-0.173111	-0.198461	-0.196864	-0.186765	-0.190833	-0.24109	-0.350193	-0.48697	-0.618743	-0.715065	-0.733272	-0.654646	-0.492918	-0.258902	0.0352963	0.349553	0.633965	0.862858	1.02776	1.1109	1.08837	0.958311	0.754874	0.53222	0.337123	0.192868	0.100229	0.0475793	0.02074	0.00834148	0.00310884	0.00107787	0.000348874	0.00010575	3.01057e-05	8.07043e-06	2.04199e-06	4.88719e-07	1.1086e-07	2.38771e-08	4.8863e-09	9.23018e-10	0	
0	-0.0155689	0.0154257	0.117863	0.255786	0.391823	0.515899	0.605048	0.611455	0.506305	0.319075	0.0728659	-0.226534	-0.539616	-0.806543	-1.00788	-1.15101	-1.20767	-1.14858	-0.989393	-0.775187	-0.553738	-0.375831	-0.24711	-0.168992	-0.127237	-0.105365	-0.0967102	-0.0937577	-0.090837	-0.0927484	-0.0899037	-0.0917666	-0.0898819	-0.0899596	-0.0897041	-0.0888473	-0.0896037	-0.0891372	-0.0907044	-0.0909421	-0.0900064	-0.091677	-0.0899375	-0.0856211	-0.0926051	-0.0997283	-0.0962649	-0.099533	-0.10831	-0.112211	-0.105856	-0.1174	-0.134205	-0.135239	-0.131947	-0.138785	-0.168872	-0.196457	-0.197422	-0.187165	-0.187673	-0.231337	-0.335085	-0.470687	-0.604884	-0.707692	-0.735844	-0.667099	-0.513413	-0.285994	0.00439945	0.319572	0.608699	0.843737	1.01566	1.10748	1.09459	0.972547	0.773052	0.54987	0.351271	0.202597	0.1061	0.0507385	0.0222734	0.00901886	0.0033832	0.00118037	0.000384376	0.0001172	3.35569e-05	9.046e-06	2.30136e-06	5.53747e-07	1.26271e-07	2.73366e-08	5.62251e-09	1.06706e-09	0	
0	-0.0148969	0.0147975	0.111771	0.243949	0.379585	0.508426	0.603627	0.614979	0.516829	0.338775	0.0971685	-0.201346	-0.514374	-0.786885	-0.996557	-1.14773	-1.20554	-1.14538	-0.99499	-0.780973	-0.558406	-0.376949	-0.247536	-0.162976	-0.123464	-0.0967102	-0.0902664	-0.0846318	-0.0829135	-0.0841635	-0.0807583	-0.0848024	-0.0801456	-0.0838844	-0.0818322	-0.0806802	-0.0839439	-0.0798208	-0.0812568	-0.0842701	-0.0816329	-0.0851199	-0.0924928	-0.089292	-0.0916705	-0.0973152	-0.0936587	-0.0982455	-0.105691	-0.111408	-0.107727	-0.11607	-0.131539	-0.134721	-0.132184	-0.137038	-0.165503	-0.194641	-0.1977	-0.18762	-0.185713	-0.224419	-0.323857	-0.45827	-0.594019	-0.701452	-0.73704	-0.675918	-0.528501	-0.306256	-0.0190193	0.296556	0.589102	0.828757	1.00597	1.10432	1.0988	0.983028	0.786791	0.563424	0.362268	0.210234	0.11075	0.0532606	0.0235064	0.0095673	0.00360676	0.0012644	0.00041365	0.000126694	3.6434e-05	9.86354e-06	2.51982e-06	6.0879e-07	1.39379e-07	3.0293e-08	6.25459e-09	1.19125e-09	0	
0	-0.0140616	0.0143938	0.10751	0.236646	0.371444	0.500994	0.601497	0.620777	0.525782	0.348818	0.111926	-0.185081	-0.50055	-0.772731	-0.984585	-1.13799	-1.20144	-1.15158	-1.00347	-0.790554	-0.566034	-0.383521	-0.248516	-0.163837	-0.119988	-0.0937577	-0.0846318	-0.0802268	-0.0766325	-0.0791347	-0.0753284	-0.0790864	-0.0763993	-0.0784664	-0.0787183	-0.0782757	-0.0808254	-0.08043	-0.0814625	-0.0842672	-0.0821285	-0.0846093	-0.0871126	-0.0860859	-0.0889962	-0.0973461	-0.0945915	-0.0973953	-0.107056	-0.111505	-0.104717	-0.114368	-0.132258	-0.135207	-0.131577	-0.135374	-0.163252	-0.193494	-0.197888	-0.18796	-0.184542	-0.21991	-0.316294	-0.449756	-0.58642	-0.696855	-0.73747	-0.681638	-0.538607	-0.319993	-0.0350492	0.280656	0.575461	0.818254	0.999063	1.10186	1.10142	0.990044	0.796174	0.572791	0.369935	0.215599	0.114038	0.0550539	0.0243879	0.00996128	0.00376811	0.00132531	0.00043496	0.000133633	3.85453e-05	1.04657e-05	2.68133e-06	6.49631e-07	1.49139e-07	3.25019e-08	6.72845e-09	1.28465e-09	0	
0	-0.0137216	0.0143799	0.105603	0.232181	0.366355	0.498694	0.601469	0.619893	0.528223	0.357795	0.121575	-0.17549	-0.491418	-0.767095	-0.979254	-1.13555	-1.20202	-1.15367	-1.00713	-0.793737	-0.570291	-0.38429	-0.248179	-0.162617	-0.117799	-0.090837	-0.0829135	-0.0766325	-0.0749446	-0.0758805	-0.0728767	-0.0765395	-0.0732801	-0.0762601	-0.0758157	-0.0758317	-0.0783705	-0.0783145	-0.0789966	-0.083039	-0.0824097	-0.0845304	-0.0884244	-0.0855096	-0.090345	-0.0974521	-0.0939017	-0.0968462	-0.104291	-0.111467	-0.107246	-0.114117	-0.13026	-0.134417	-0.13198	-0.135279	-0.162046	-0.1925	-0.19784	-0.188257	-0.184038	-0.217509	-0.312194	-0.445137	-0.582254	-0.694238	-0.737555	-0.684636	-0.544034	-0.327425	-0.0437685	0.27196	0.567965	0.812457	0.995216	1.10043	1.10276	0.993805	0.801269	0.577916	0.374153	0.218564	0.115862	0.0560526	0.0248803	0.0101821	0.00385879	0.00135964	0.000447002	0.000137564	3.97442e-05	1.08085e-05	2.77348e-06	6.72984e-07	1.54732e-07	3.37705e-08	7.00115e-09	1.3385e-09	0	
0	-0.0133465	0.0144581	0.104823	0.231412	0.366182	0.497607	0.600401	0.621957	0.53021	0.356909	0.122013	-0.174392	-0.489621	-0.763551	-0.979619	-1.13757	-1.20159	-1.15051	-1.00626	-0.794149	-0.568882	-0.385354	-0.250867	-0.163232	-0.120657	-0.0927484	-0.0841635	-0.0791347	-0.0758805	-0.0780378	-0.0742996	-0.0785096	-0.0748106	-0.0782354	-0.0771793	-0.0766893	-0.0799266	-0.0771378	-0.0788393	-0.0820117	-0.0787466	-0.0828728	-0.0897166	-0.0884456	-0.0881083	-0.0962296	-0.0936346	-0.0971457	-0.106252	-0.110977	-0.105507	-0.113839	-0.131067	-0.135198	-0.131761	-0.13449	-0.161767	-0.192664	-0.197924	-0.188249	-0.18393	-0.217082	-0.311501	-0.444409	-0.581591	-0.693775	-0.737523	-0.685119	-0.54495	-0.328676	-0.0452255	0.270512	0.566716	0.811488	0.99457	1.10019	1.10298	0.994429	0.802118	0.578771	0.374858	0.21906	0.116167	0.05622	0.0249629	0.0102191	0.00387401	0.00136541	0.000449025	0.000138224	3.99458e-05	1.08662e-05	2.78898e-06	6.76914e-07	1.55673e-07	3.39841e-08	7.0471e-09	1.34757e-09	0	
0	-0.0138439	0.0142835	0.106587	0.234621	0.368775	0.499754	0.601621	0.619941	0.526972	0.353808	0.116853	-0.17987	-0.496824	-0.7707	-0.980277	-1.13461	-1.20093	-1.15508	-1.00588	-0.792329	-0.568759	-0.383181	-0.245726	-0.162097	-0.115425	-0.0899037	-0.0807583	-0.0753284	-0.0728767	-0.0742996	-0.0712405	-0.0745014	-0.0724259	-0.0742544	-0.0751964	-0.0754553	-0.0776234	-0.0796272	-0.0802382	-0.0838365	-0.0843388	-0.0854167	-0.0857545	-0.0834443	-0.0899719	-0.0981718	-0.0947291	-0.0968857	-0.105408	-0.111698	-0.105977	-0.114292	-0.131226	-0.134509	-0.131712	-0.135583	-0.162804	-0.19285	-0.197729	-0.188229	-0.184373	-0.218566	-0.314156	-0.447569	-0.584447	-0.695494	-0.737415	-0.683125	-0.541382	-0.323766	-0.0394275	0.276318	0.571729	0.815367	0.997149	1.10116	1.1021	0.991937	0.798728	0.575354	0.37204	0.217076	0.114945	0.0555497	0.024632	0.0100706	0.00381295	0.00134227	0.0004409	0.00013557	3.91354e-05	1.06343e-05	2.7266e-06	6.61092e-07	1.51881e-07	3.31234e-08	6.86193e-09	1.31098e-09	0	
0	-0.0140866	0.0147031	0.10932	0.240299	0.376318	0.505648	0.602553	0.617011	0.520806	0.343776	0.104029	-0.193562	-0.506997	-0.780107	-0.992151	-1.14531	-1.20285	-1.1439	-0.996277	-0.782112	-0.558308	-0.376838	-0.246318	-0.159631	-0.120109	-0.0917666	-0.0848024	-0.0790864	-0.0765395	-0.0785096	-0.0745014	-0.0795709	-0.0745759	-0.0793384	-0.0773585	-0.0766584	-0.0807199	-0.0763607	-0.0783851	-0.0816273	-0.078053	-0.0822671	-0.0911993	-0.0899309	-0.0901019	-0.0965752	-0.0929502	-0.0977434	-0.106157	-0.110735	-0.107149	-0.115622	-0.131169	-0.135238	-0.132276	-0.135908	-0.164351	-0.194225	-0.197785	-0.1879	-0.185221	-0.222109	-0.320294	-0.454624	-0.590751	-0.699275	-0.737085	-0.678521	-0.533218	-0.31261	-0.0263404	0.28935	0.582937	0.824012	1.00286	1.10324	1.10003	0.986249	0.791072	0.56768	0.36574	0.212657	0.112231	0.0540667	0.0239018	0.00974366	0.00367885	0.00129157	0.000423138	0.000129778	3.7371e-05	1.01304e-05	2.59129e-06	6.26836e-07	1.43685e-07	3.12664e-08	6.46313e-09	1.2323e-09	0	
0	-0.0150804	0.0149539	0.115046	0.251046	0.386504	0.511926	0.604348	0.613907	0.511713	0.327272	0.0833347	-0.214696	-0.528985	-0.796305	-0.999335	-1.14605	-1.20384	-1.14669	-0.988231	-0.773713	-0.550141	-0.369232	-0.237311	-0.15702	-0.112972	-0.0898819	-0.0801456	-0.0763993	-0.0732801	-0.0748106	-0.0724259	-0.0745759	-0.0735091	-0.074745	-0.0754248	-0.0761523	-0.078165	-0.0789937	-0.0819656	-0.0838761	-0.0845312	-0.0874713	-0.0871146	-0.0833905	-0.0897966	-0.0980102	-0.0954296	-0.0986	-0.107896	-0.112319	-0.105341	-0.116264	-0.133682	-0.135121	-0.131612	-0.138038	-0.167742	-0.195557	-0.197333	-0.187589	-0.186892	-0.227927	-0.330011	-0.465572	-0.600375	-0.704849	-0.736197	-0.670999	-0.520207	-0.295021	-0.00589481	0.309539	0.600187	0.837238	1.01148	1.10617	1.09651	0.97719	0.779088	0.555793	0.356056	0.205908	0.10811	0.0518252	0.0228032	0.0092539	0.00347878	0.00121621	0.000396834	0.000121232	3.47762e-05	9.39178e-06	2.39358e-06	5.76939e-07	1.31784e-07	2.85778e-08	5.88742e-09	1.11903e-09	0	
0	-0.0151566	0.0166215	0.121836	0.263631	0.401812	0.523676	0.605495	0.604647	0.497016	0.307656	0.056499	-0.243053	-0.552956	-0.820766	-1.0196	-1.15815	-1.20287	-1.13194	-0.972397	-0.754678	-0.534578	-0.357878	-0.233881	-0.152789	-0.11598	-0.0899596	-0.0838844	-0.0784664	-0.0762601	-0.0782354	-0.0742544	-0.0793384	-0.074745	-0.0789541	-0.0782376	-0.0769574	-0.0817625	-0.0781102	-0.0803949	-0.0824939	-0.0809094	-0.0833237	-0.0897094	-0.0889757	-0.0938915	-0.0986921	-0.0935143	-0.099431	-0.107593	-0.110434	-0.108421	-0.119967	-0.133254	-0.135065	-0.132986	-0.140275	-0.171127	-0.197548	-0.197137	-0.187201	-0.189411	-0.236407	-0.343588	-0.4804	-0.613074	-0.711778	-0.734224	-0.660091	-0.501969	-0.270724	0.0219978	0.336763	0.623231	0.854753	1.02267	1.10955	1.09116	0.964501	0.762698	0.539767	0.343142	0.196988	0.102706	0.0489071	0.0213823	0.00862433	0.00322306	0.00112042	0.000363572	0.000110478	3.15271e-05	8.47123e-06	2.1483e-06	5.1531e-07	1.17147e-07	2.52854e-08	5.18534e-09	9.8141e-10	0	
0	-0.0152411	0.0193792	0.132437	0.281159	0.418907	0.53424	0.606754	0.596787	0.478683	0.27736	0.0201323	-0.279949	-0.585557	-0.844106	-1.03682	-1.16706	-1.20519	-1.12473	-0.953741	-0.736659	-0.515985	-0.344446	-0.224175	-0.148069	-0.111745	-0.0897041	-0.0818322	-0.0787183	-0.0758157	-0.0771793	-0.0751964	-0.0773585	-0.0754248	-0.0782376	-0.0768149	-0.077944	-0.0807706	-0.0775621	-0.0831593	-0.0836267	-0.0828811	-0.0878016	-0.0907664	-0.0870389	-0.0924431	-0.0969117	-0.0953024	-0.101789	-0.110659	-0.112762	-0.107154	-0.120769	-0.136291	-0.13574	-0.132606	-0.143706	-0.176602	-0.199545	-0.196205	-0.18694	-0.193488	-0.248089	-0.361214	-0.499014	-0.628501	-0.719442	-0.730444	-0.645169	-0.478005	-0.239372	0.0574202	0.370824	0.65172	0.87615	1.03596	1.11285	1.08346	0.947852	0.741821	0.519724	0.327213	0.186114	0.0961842	0.0454181	0.0196978	0.00788379	0.0029245	0.00100937	0.000325271	9.81758e-05	2.78334e-05	7.43107e-06	1.87277e-06	4.46481e-07	1.00893e-07	2.16492e-08	4.41413e-09	8.30992e-10	0	
0	-0.0133515	0.0247283	0.144809	0.300972	0.44081	0.548935	0.605207	0.580069	0.454225	0.24504	-0.0224264	-0.324267	-0.624999	-0.878804	-1.05846	-1.17534	-1.2025	-1.11175	-0.930664	-0.71175	-0.496506	-0.327206	-0.214528	-0.1426	-0.107726	-0.0888473	-0.0806802	-0.0782757	-0.0758317	-0.0766893	-0.0754553	-0.0766584	-0.0761523	-0.0769574	-0.077944	-0.0776033	-0.0809754	-0.0792111	-0.0846881	-0.0829063	-0.0857497	-0.0891493	-0.0896606	-0.0861136	-0.0963528	-0.0999355	-0.0965137	-0.103218	-0.110367	-0.110859	-0.109899	-0.12599	-0.136841	-0.134946	-0.134549	-0.148743	-0.181872	-0.201161	-0.195351	-0.187226	-0.199503	-0.263519	-0.383156	-0.521259	-0.646135	-0.727005	-0.723944	-0.62547	-0.447716	-0.200576	0.100416	0.411426	0.685192	0.900908	1.05074	1.11537	1.07281	0.926871	0.716395	0.49584	0.30855	0.173553	0.0887446	0.0414823	0.0178172	0.00706507	0.00259743	0.000888766	0.000284019	8.50314e-05	2.3917e-05	6.33645e-06	1.58493e-06	3.75082e-07	8.41488e-08	1.79286e-08	3.63022e-09	6.79029e-10	0	
0	-0.00960603	0.0337113	0.16142	0.324006	0.463864	0.562802	0.60204	0.561291	0.423376	0.201293	-0.0744764	-0.375242	-0.666532	-0.913251	-1.08775	-1.1878	-1.19453	-1.0899	-0.902896	-0.682325	-0.472127	-0.31324	-0.206458	-0.139085	-0.109562	-0.0896037	-0.0839439	-0.0808254	-0.0783705	-0.0799266	-0.0776234	-0.0807199	-0.078165	-0.0817625	-0.0807706	-0.0809754	-0.0849556	-0.0807023	-0.0849247	-0.0845515	-0.0840805	-0.0857822	-0.0894294	-0.0919873	-0.0995866	-0.097671	-0.096268	-0.105478	-0.113526	-0.111886	-0.111416	-0.129226	-0.138508	-0.135452	-0.136157	-0.154477	-0.18839	-0.202679	-0.193968	-0.188218	-0.208408	-0.28348	-0.40954	-0.54679	-0.665253	-0.733402	-0.713628	-0.600113	-0.410428	-0.153936	0.150948	0.458146	0.723061	0.928374	1.06624	1.11628	1.05849	0.901166	0.686407	0.468369	0.287501	0.15962	0.0806125	0.0372372	0.0158135	0.0062027	0.00225663	0.000764389	0.000241894	7.1735e-05	1.99915e-05	5.24894e-06	1.30141e-06	3.05344e-07	6.79275e-08	1.43531e-08	2.88277e-09	5.3518e-10	0	
0	-0.00258881	0.047516	0.181894	0.349285	0.488329	0.57734	0.595674	0.533487	0.384006	0.152652	-0.133722	-0.436248	-0.716108	-0.948195	-1.10954	-1.19823	-1.1948	-1.07162	-0.868729	-0.650376	-0.443634	-0.287662	-0.192538	-0.130016	-0.101316	-0.0891372	-0.0798208	-0.08043	-0.0783145	-0.0771378	-0.0796272	-0.0763607	-0.0789937	-0.0781102	-0.0775621	-0.0792111	-0.0807023	-0.0773418	-0.087503	-0.0824856	-0.0875888	-0.0946105	-0.0956939	-0.0894463	-0.0979519	-0.0972989	-0.100063	-0.109493	-0.113173	-0.112066	-0.115775	-0.133094	-0.138786	-0.135621	-0.139639	-0.162435	-0.194792	-0.202891	-0.192502	-0.190979	-0.221191	-0.30854	-0.440339	-0.575103	-0.684884	-0.737305	-0.698237	-0.568131	-0.365423	-0.0990946	0.208845	0.510407	0.764607	0.957763	1.08155	1.11461	1.03971	0.870371	0.651923	0.437652	0.264483	0.144669	0.0720324	0.032826	0.0137607	0.00533079	0.00191634	0.000641662	0.000200797	5.89043e-05	1.62433e-05	4.22112e-06	1.0361e-06	2.40716e-07	5.30365e-08	1.11012e-08	2.20909e-09	4.06603e-10	0	
0	0.00908441	0.0676858	0.206443	0.376651	0.513613	0.588588	0.582741	0.499946	0.337813	0.0936217	-0.201129	-0.501086	-0.771322	-0.99244	-1.13871	-1.20011	-1.17171	-1.04459	-0.833599	-0.614814	-0.421114	-0.275122	-0.182665	-0.130893	-0.100129	-0.0907044	-0.0812568	-0.0814625	-0.0789966	-0.0788393	-0.0802382	-0.0783851	-0.0819656	-0.0803949	-0.0831593	-0.0846881	-0.0849247	-0.087503	-0.0896785	-0.0864466	-0.0913907	-0.0903927	-0.0855931	-0.0920508	-0.104231	-0.100128	-0.103481	-0.110173	-0.115741	-0.112055	-0.117914	-0.138673	-0.140338	-0.13596	-0.144376	-0.171441	-0.200583	-0.202339	-0.191559	-0.196208	-0.238894	-0.339323	-0.475336	-0.605401	-0.703728	-0.737127	-0.676392	-0.528513	-0.311982	-0.0357922	0.273752	0.567454	0.808971	0.98814	1.0956	1.10925	1.01566	0.834189	0.613121	0.40413	0.239976	0.129086	0.0632564	0.0283912	0.0117296	0.00448086	0.00158927	0.000525279	0.000162323	4.70403e-05	1.28187e-05	3.29285e-06	7.99174e-07	1.83632e-07	4.00238e-08	8.28907e-09	1.63245e-09	2.97585e-10	0	
0	0.0259607	0.0964075	0.236665	0.40303	0.535419	0.598798	0.566305	0.454137	0.278031	0.0270566	-0.275529	-0.572775	-0.823922	-1.03032	-1.16818	-1.21435	-1.15858	-1.00597	-0.790377	-0.570161	-0.385656	-0.249978	-0.170511	-0.122572	-0.0997331	-0.0909421	-0.0842701	-0.0842672	-0.083039	-0.0820117	-0.0838365	-0.0816273	-0.0838761	-0.0824939	-0.0836267	-0.0829063	-0.0845515	-0.0824856	-0.0864466	-0.0844533	-0.0894784	-0.0912667	-0.0962393	-0.101672	-0.103962	-0.0975415	-0.103763	-0.114152	-0.11557	-0.113262	-0.127799	-0.142007	-0.137535	-0.138185	-0.151965	-0.181429	-0.205523	-0.200711	-0.191441	-0.205271	-0.26295	-0.376152	-0.513893	-0.636552	-0.720146	-0.731041	-0.646649	-0.480246	-0.249435	0.036056	0.345069	0.628335	0.855151	1.01841	1.10711	1.09901	0.985573	0.792442	0.570322	0.368354	0.214517	0.113271	0.0545338	0.0240669	0.00978373	0.00368005	0.00128591	0.000418936	0.000127668	3.65005e-05	9.81656e-06	2.48957e-06	5.96706e-07	1.35443e-07	2.91694e-08	5.9706e-09	1.16243e-09	2.09655e-10	0	
