0	0	0	0	0	0	0	0	0	0	0	0	0	0	0	0	0	0	0	0	0	0	0	0	0	0	0	0	0	0	0	0	0	0	0	0	0	0	0	0	0	0	0	0	0	0	0	0	0	0	0	0	0	0	0	0	0	0	0	0	0	0	0	0	0	0	0	0	0	0	0	0	0	0	0	0	0	0	0	0	0	0	0	0	0	0	0	0	0	0	0	0	0	0	0	0	0	0	0	0	
0	0.0055447	0.0117388	0.0185239	0.0230541	0.0289431	0.0348391	0.039162	0.038046	0.0341404	0.0325338	0.0308735	0.027855	0.0233015	0.0271904	0.0417531	0.0671702	0.0971714	0.1293	0.158618	0.181758	0.196445	0.198897	0.189944	0.16764	0.132542	0.0834319	0.0237531	-0.0383084	-0.0948789	-0.138529	-0.160634	-0.164248	-0.155517	-0.138988	-0.11626	-0.0905797	-0.0642678	-0.0379191	-0.0103521	0.0142817	0.039329	0.0631363	0.0852838	0.104503	0.122263	0.136614	0.14487	0.139363	0.125058	0.103398	0.0801917	0.0596192	0.0424811	0.0276592	0.0174202	0.0137082	0.0165025	0.0226396	0.0327256	0.0433281	0.0514098	0.0570939	0.0589022	0.0539733	0.0422317	0.02617	0.00901361	-0.00302729	-0.0111398	-0.0146778	-0.0127103	-0.00597369	1.91328e-05	-0.000658282	-0.00796503	-0.0222801	-0.045522	-0.0734891	-0.101406	-0.126268	-0.140461	-0.142636	-0.129719	-0.0981303	-0.0488742	0.015795	0.0888661	0.165919	0.240109	0.29992	0.339088	0.354799	0.344706	0.311538	0.261143	0.200412	0.134924	0.0669496	0	
0	0.0117388	0.0259589	0.039296	0.0508196	0.0624307	0.0760007	0.0854156	0.0838782	0.077921	0.0742819	0.0724804	0.065772	0.0571177	0.0639921	0.0921296	0.140572	0.198741	0.258594	0.314394	0.35582	0.380974	0.383122	0.361733	0.317808	0.249176	0.155184	0.0432592	-0.0737604	-0.179031	-0.259611	-0.30111	-0.307685	-0.292671	-0.264346	-0.223333	-0.174863	-0.123932	-0.0697532	-0.0126306	0.0379724	0.086006	0.130611	0.16527	0.19532	0.222892	0.247515	0.2639	0.262607	0.243686	0.212143	0.177568	0.144154	0.112574	0.0852177	0.0654774	0.0543953	0.0537873	0.0595194	0.0729985	0.0880094	0.0964408	0.10026	0.101461	0.0941045	0.0781089	0.0533138	0.0294415	0.0134411	0.000632961	-0.00843767	-0.0138049	-0.00989081	-0.0098846	-0.0199894	-0.0397323	-0.0696049	-0.108467	-0.15488	-0.199989	-0.239793	-0.25927	-0.253314	-0.221635	-0.157842	-0.0633969	0.0575812	0.192105	0.329391	0.459111	0.563612	0.631226	0.658216	0.644206	0.590241	0.501078	0.39238	0.269935	0.133808	0	
0	0.0185239	0.039296	0.0614856	0.077893	0.0975503	0.117694	0.13303	0.132828	0.12462	0.122274	0.11991	0.112623	0.100712	0.112081	0.153373	0.224317	0.306035	0.390771	0.464462	0.517732	0.545408	0.5388	0.502583	0.434253	0.336834	0.207364	0.054379	-0.101609	-0.241746	-0.348864	-0.402404	-0.412201	-0.395003	-0.360795	-0.308731	-0.243157	-0.168952	-0.0883022	-0.00252795	0.0710212	0.136815	0.188641	0.226966	0.255153	0.284814	0.317823	0.349931	0.358944	0.352422	0.327949	0.295112	0.260342	0.224018	0.184241	0.149134	0.126774	0.118565	0.116498	0.122717	0.129313	0.129791	0.129167	0.128351	0.121356	0.107612	0.0896077	0.0703869	0.058609	0.0445668	0.025989	0.00663255	-0.00928302	-0.0299507	-0.0628039	-0.101825	-0.14481	-0.196906	-0.250031	-0.295804	-0.330637	-0.336645	-0.313273	-0.255254	-0.155539	-0.0199596	0.143221	0.314678	0.485289	0.643467	0.767141	0.847805	0.883223	0.867818	0.803335	0.695136	0.552863	0.384854	0.195241	0	
0	0.0230541	0.0508196	0.077893	0.101463	0.125947	0.154074	0.175089	0.176444	0.169411	0.167344	0.168205	0.159899	0.147405	0.162838	0.217383	0.306918	0.410567	0.511852	0.599571	0.656141	0.679681	0.661505	0.605858	0.517868	0.397572	0.243161	0.0657384	-0.114963	-0.274235	-0.394272	-0.453921	-0.463078	-0.445392	-0.411224	-0.355148	-0.280017	-0.192087	-0.0922535	0.0132992	0.101412	0.173151	0.22636	0.255268	0.276416	0.304652	0.347747	0.397725	0.433912	0.449526	0.443504	0.425396	0.397361	0.358109	0.311937	0.267285	0.229334	0.204451	0.185888	0.178464	0.173895	0.162502	0.152052	0.150271	0.148855	0.14538	0.134712	0.124525	0.11977	0.104799	0.0755368	0.0343843	-0.00313895	-0.0508887	-0.110932	-0.173236	-0.233034	-0.288264	-0.338027	-0.372374	-0.389737	-0.370623	-0.313321	-0.22219	-0.0914418	0.0718579	0.25855	0.447772	0.626088	0.786077	0.909166	0.985376	1.01649	1.00155	0.935914	0.817746	0.660676	0.467343	0.236862	0	
0	0.0289431	0.0624307	0.0975503	0.125947	0.157884	0.192178	0.219015	0.223186	0.215992	0.216683	0.218514	0.2111	0.196933	0.216498	0.280716	0.386718	0.503762	0.617974	0.708887	0.763389	0.777262	0.743045	0.672742	0.569174	0.438498	0.275573	0.0887554	-0.0977182	-0.262468	-0.386035	-0.444737	-0.453968	-0.437989	-0.407979	-0.355165	-0.27907	-0.186222	-0.0797948	0.0326861	0.121683	0.190858	0.234097	0.255663	0.270567	0.302478	0.359853	0.435685	0.494683	0.537112	0.553938	0.553603	0.539591	0.509334	0.46001	0.402276	0.3502	0.308483	0.269917	0.242212	0.219773	0.195522	0.180973	0.181149	0.184475	0.186462	0.184095	0.178437	0.175166	0.157116	0.117494	0.0626748	0.00486477	-0.0640333	-0.14604	-0.226606	-0.29621	-0.356556	-0.396914	-0.409749	-0.396829	-0.340728	-0.251287	-0.131748	0.0211871	0.196135	0.383106	0.560703	0.724353	0.870079	0.979189	1.04766	1.07652	1.05898	0.991786	0.871709	0.706048	0.50037	0.255892	0	
0	0.0348391	0.0760007	0.117694	0.154074	0.192178	0.234275	0.267122	0.274384	0.269274	0.270601	0.273994	0.26383	0.246606	0.264183	0.333304	0.444873	0.56948	0.683915	0.773297	0.818743	0.821061	0.775221	0.694408	0.588031	0.459309	0.300964	0.120759	-0.0618131	-0.221406	-0.339977	-0.394139	-0.398029	-0.382129	-0.357166	-0.311539	-0.244107	-0.160317	-0.0626705	0.0396853	0.118859	0.176165	0.212222	0.227331	0.243264	0.283038	0.35845	0.455085	0.541744	0.606765	0.64483	0.666198	0.670721	0.652305	0.610838	0.553984	0.489625	0.430422	0.371761	0.326361	0.289858	0.255127	0.232394	0.229364	0.233462	0.236368	0.22956	0.217917	0.209123	0.184695	0.136602	0.0708969	0.00666818	-0.0703785	-0.161239	-0.248212	-0.319022	-0.368731	-0.392288	-0.38067	-0.337141	-0.249413	-0.129422	0.00827889	0.162958	0.324554	0.487632	0.638425	0.772443	0.89331	0.987373	1.04394	1.06587	1.04772	0.979779	0.858172	0.694238	0.491638	0.249817	0	
0	0.039162	0.0854156	0.13303	0.175089	0.219015	0.267122	0.3052	0.316179	0.31288	0.315691	0.318771	0.305674	0.282335	0.295551	0.361405	0.47317	0.593015	0.701975	0.77922	0.812164	0.800966	0.744375	0.660326	0.557379	0.439893	0.296349	0.128809	-0.0402773	-0.189221	-0.295501	-0.336166	-0.3283	-0.303895	-0.278443	-0.240868	-0.186349	-0.122882	-0.0489371	0.0290038	0.0838019	0.12284	0.146333	0.15805	0.177784	0.230025	0.32328	0.444494	0.553639	0.643361	0.705628	0.750741	0.778284	0.780002	0.749556	0.693901	0.629942	0.565725	0.49858	0.442302	0.395796	0.350062	0.318068	0.30786	0.301926	0.292437	0.273183	0.249686	0.229018	0.1945	0.13742	0.0657969	-0.00261654	-0.0790086	-0.163674	-0.240315	-0.295821	-0.326875	-0.32354	-0.282399	-0.210644	-0.0975705	0.0349557	0.172712	0.315183	0.452135	0.580838	0.690232	0.785661	0.874126	0.941897	0.982395	0.993386	0.966172	0.894966	0.774612	0.618253	0.433887	0.218741	0	
0	0.038046	0.0838782	0.132828	0.176444	0.223186	0.274384	0.316179	0.330637	0.329763	0.333869	0.336208	0.318162	0.287934	0.291001	0.349896	0.451612	0.562173	0.656589	0.719714	0.737752	0.714972	0.652046	0.568512	0.473818	0.370143	0.241519	0.0893792	-0.0671414	-0.19938	-0.285929	-0.302865	-0.268983	-0.22463	-0.189573	-0.154486	-0.117589	-0.079946	-0.0398531	0.00023084	0.0216218	0.0309326	0.0326837	0.0330284	0.0509779	0.110754	0.224693	0.372326	0.51509	0.636437	0.728315	0.799962	0.849581	0.868336	0.852709	0.809655	0.750891	0.69306	0.631932	0.579991	0.532532	0.482123	0.438999	0.410585	0.386916	0.359076	0.321559	0.278728	0.241565	0.195022	0.127393	0.0500771	-0.0170648	-0.0849005	-0.154379	-0.20765	-0.23205	-0.228226	-0.193509	-0.126289	-0.0346964	0.0859807	0.217683	0.345383	0.466558	0.573558	0.666462	0.739906	0.795009	0.841491	0.871549	0.87388	0.85311	0.806026	0.725704	0.613154	0.479833	0.331496	0.165751	0	
0	0.0341404	0.077921	0.12462	0.169411	0.215992	0.269274	0.31288	0.329763	0.330771	0.333266	0.331139	0.303662	0.259802	0.247041	0.288134	0.373096	0.465054	0.542229	0.588981	0.596004	0.566317	0.504272	0.426964	0.344386	0.255138	0.14159	0.00197185	-0.13925	-0.254125	-0.312969	-0.297821	-0.23018	-0.15663	-0.105127	-0.0718279	-0.0485527	-0.0403432	-0.0369244	-0.0380159	-0.0585383	-0.0883654	-0.117361	-0.140438	-0.132991	-0.0683798	0.063251	0.241671	0.423253	0.583669	0.710123	0.810223	0.881371	0.915725	0.911848	0.878846	0.836998	0.794923	0.748713	0.707352	0.666862	0.614015	0.559447	0.517415	0.474242	0.423758	0.361362	0.298181	0.243626	0.183746	0.109457	0.0312519	-0.0280033	-0.0773033	-0.117246	-0.135394	-0.123767	-0.082699	-0.0140575	0.0745972	0.174297	0.291667	0.407574	0.510826	0.604853	0.684613	0.748578	0.787003	0.800889	0.798857	0.774415	0.725565	0.660435	0.583375	0.495849	0.396112	0.29672	0.20062	0.0968977	0	
0	0.0325338	0.0742819	0.122274	0.167344	0.216683	0.270601	0.315691	0.333869	0.333266	0.329587	0.314686	0.26799	0.20104	0.159339	0.172276	0.228506	0.295683	0.352293	0.384984	0.385995	0.358145	0.304102	0.240669	0.174132	0.102122	0.00504479	-0.117548	-0.241726	-0.331138	-0.359557	-0.309423	-0.208443	-0.11012	-0.0475153	-0.0163443	-0.0118154	-0.0271425	-0.0557872	-0.0952211	-0.154527	-0.223658	-0.291895	-0.342129	-0.350053	-0.286022	-0.136468	0.0722318	0.29039	0.485434	0.642349	0.765457	0.855138	0.907224	0.921748	0.907324	0.879337	0.852561	0.822058	0.792338	0.756177	0.704857	0.647714	0.591929	0.533115	0.463975	0.383989	0.300684	0.227815	0.159463	0.0843242	0.0179881	-0.0220945	-0.0425957	-0.0468497	-0.0250894	0.0288812	0.105221	0.198897	0.302094	0.404515	0.50737	0.599153	0.674516	0.734821	0.777488	0.802352	0.802693	0.773767	0.721729	0.647047	0.548014	0.441333	0.341215	0.250989	0.174077	0.115258	0.071585	0.0329307	0	
0	0.0308735	0.0724804	0.11991	0.168205	0.218514	0.273994	0.318771	0.336208	0.331139	0.314686	0.278381	0.202683	0.100906	0.0200765	-0.00675153	0.0124379	0.0507112	0.0864321	0.109565	0.112179	0.0930934	0.0563598	0.0114055	-0.0341473	-0.08615	-0.163381	-0.26624	-0.36759	-0.432518	-0.429123	-0.350031	-0.224241	-0.109473	-0.0409271	-0.0184415	-0.0281039	-0.0666152	-0.122603	-0.19486	-0.288503	-0.39438	-0.491275	-0.564655	-0.583593	-0.517685	-0.35795	-0.133491	0.107476	0.324184	0.500868	0.644171	0.754864	0.82793	0.863726	0.870545	0.865117	0.854463	0.835478	0.812844	0.782941	0.734623	0.674006	0.615231	0.551226	0.473866	0.381033	0.287902	0.20945	0.139365	0.0721337	0.0201625	0.00363195	0.016759	0.0518334	0.112835	0.199843	0.307249	0.423121	0.532806	0.630405	0.716804	0.781387	0.819414	0.8371	0.836521	0.816729	0.770895	0.696373	0.601245	0.488131	0.360586	0.235855	0.129709	0.0476522	-0.00884704	-0.0346624	-0.0347588	-0.0225238	0	
0	0.027855	0.065772	0.112623	0.159899	0.2111	0.26383	0.305674	0.318162	0.303662	0.26799	0.202683	0.0902505	-0.0516686	-0.175749	-0.244452	-0.259918	-0.246934	-0.222979	-0.201538	-0.190082	-0.194475	-0.213723	-0.240279	-0.267748	-0.302688	-0.360652	-0.442726	-0.522808	-0.562876	-0.535816	-0.435937	-0.296489	-0.174635	-0.106388	-0.0895359	-0.1131	-0.165378	-0.241051	-0.338279	-0.458911	-0.589994	-0.712143	-0.800913	-0.827995	-0.764579	-0.603391	-0.373153	-0.125707	0.0975777	0.285165	0.440782	0.568662	0.664945	0.726877	0.757329	0.769654	0.773151	0.768954	0.757197	0.733065	0.690828	0.637767	0.580695	0.519501	0.44658	0.362636	0.278096	0.205561	0.145573	0.0919346	0.0597015	0.0622527	0.0986843	0.161902	0.251431	0.365191	0.489191	0.611746	0.72103	0.80909	0.873768	0.911449	0.920349	0.901117	0.85594	0.787435	0.69562	0.581846	0.455273	0.32471	0.192623	0.0708623	-0.0248313	-0.0923368	-0.129549	-0.132287	-0.105518	-0.0581188	0	
0	0.0233015	0.0571177	0.100712	0.147405	0.196933	0.246606	0.282335	0.287934	0.259802	0.20104	0.100906	-0.0516686	-0.235548	-0.402431	-0.508524	-0.554642	-0.556442	-0.536612	-0.50717	-0.480523	-0.467514	-0.467457	-0.477245	-0.489312	-0.509617	-0.55396	-0.621518	-0.689595	-0.719828	-0.68277	-0.576887	-0.43309	-0.307049	-0.233893	-0.216104	-0.242301	-0.301571	-0.389519	-0.505233	-0.643364	-0.793094	-0.928644	-1.02901	-1.06622	-1.01336	-0.864322	-0.646855	-0.404526	-0.179888	0.0143995	0.18178	0.324367	0.435997	0.511886	0.559149	0.588641	0.607384	0.617893	0.619656	0.60941	0.582003	0.541149	0.495807	0.450456	0.394886	0.327987	0.262039	0.209575	0.167766	0.134034	0.120251	0.139747	0.195815	0.276487	0.379365	0.498914	0.624948	0.741206	0.834596	0.904768	0.946906	0.960625	0.942977	0.894059	0.819203	0.718389	0.594529	0.455209	0.313317	0.181157	0.0615752	-0.0389456	-0.112006	-0.161416	-0.183953	-0.175129	-0.137982	-0.0749717	0	
0	0.0271904	0.0639921	0.112081	0.162838	0.216498	0.264183	0.295551	0.291001	0.247041	0.159339	0.0200765	-0.175749	-0.402431	-0.607271	-0.747514	-0.814382	-0.825316	-0.800529	-0.759329	-0.715846	-0.68617	-0.669617	-0.66601	-0.66471	-0.676106	-0.710403	-0.772503	-0.838693	-0.871638	-0.838657	-0.737052	-0.596973	-0.470201	-0.391768	-0.369959	-0.394436	-0.452572	-0.542573	-0.661085	-0.803914	-0.958396	-1.10303	-1.2166	-1.27149	-1.23819	-1.11201	-0.911107	-0.678284	-0.457568	-0.260553	-0.0908085	0.0558571	0.173132	0.257339	0.311485	0.348861	0.374525	0.39728	0.413549	0.418716	0.411308	0.392847	0.369266	0.344794	0.310335	0.265426	0.221841	0.189781	0.169336	0.162839	0.177961	0.21989	0.292932	0.383941	0.486422	0.594698	0.699859	0.790191	0.859261	0.906112	0.925668	0.920503	0.886077	0.819168	0.72367	0.603416	0.46533	0.321089	0.183564	0.0647495	-0.0310587	-0.104007	-0.14874	-0.17185	-0.174699	-0.154812	-0.117508	-0.0622997	0	
0	0.0417531	0.0921296	0.153373	0.217383	0.280716	0.333304	0.361405	0.349896	0.288134	0.172276	-0.00675153	-0.244452	-0.508524	-0.747514	-0.913458	-0.998606	-1.01333	-0.98421	-0.931684	-0.874602	-0.829891	-0.798041	-0.778605	-0.764379	-0.765187	-0.795997	-0.857832	-0.934273	-0.980228	-0.961576	-0.871726	-0.73946	-0.614142	-0.533101	-0.50605	-0.53	-0.584893	-0.670353	-0.786353	-0.92493	-1.07808	-1.22804	-1.35276	-1.42317	-1.41105	-1.30707	-1.12694	-0.91041	-0.700272	-0.511622	-0.34963	-0.210773	-0.0982384	-0.0187003	0.0385266	0.0789311	0.109054	0.141014	0.169477	0.190648	0.204823	0.213195	0.211255	0.208788	0.194096	0.167342	0.141933	0.128939	0.13177	0.155111	0.202489	0.270483	0.362058	0.458591	0.552465	0.63909	0.71434	0.771284	0.810293	0.833748	0.830064	0.805345	0.753427	0.668028	0.560743	0.435427	0.301103	0.173807	0.0598946	-0.0301197	-0.0929176	-0.133127	-0.146177	-0.143441	-0.126653	-0.0979668	-0.0690039	-0.0336402	0	
0	0.0671702	0.140572	0.224317	0.306918	0.386718	0.444873	0.47317	0.451612	0.373096	0.228506	0.0124379	-0.259918	-0.554642	-0.814382	-0.998606	-1.0917	-1.10669	-1.06967	-1.00605	-0.935196	-0.87583	-0.826651	-0.792078	-0.764405	-0.761915	-0.793866	-0.867129	-0.957785	-1.02287	-1.01995	-0.941599	-0.818901	-0.699526	-0.618181	-0.594056	-0.618242	-0.670707	-0.753097	-0.862799	-0.999047	-1.15423	-1.30985	-1.44467	-1.52799	-1.52564	-1.43667	-1.27241	-1.07271	-0.881558	-0.713235	-0.575537	-0.457622	-0.362415	-0.292358	-0.240955	-0.198406	-0.163408	-0.122597	-0.08082	-0.0444109	-0.0105972	0.0133662	0.0271748	0.0391235	0.0399751	0.0312886	0.0281378	0.0422877	0.0708463	0.124859	0.199849	0.286204	0.387787	0.482872	0.563438	0.626785	0.673287	0.697745	0.704969	0.697945	0.667149	0.617599	0.543578	0.445865	0.335285	0.219681	0.108557	0.0152095	-0.0579372	-0.110717	-0.138837	-0.146808	-0.134499	-0.110507	-0.0769933	-0.0420961	-0.0209743	-0.00584957	0	
0	0.0971714	0.198741	0.306035	0.410567	0.503762	0.56948	0.593015	0.562173	0.465054	0.295683	0.0507112	-0.246934	-0.556442	-0.825316	-1.01333	-1.10669	-1.11463	-1.06579	-0.986184	-0.89758	-0.816534	-0.746085	-0.691936	-0.654415	-0.652133	-0.69716	-0.78626	-0.899603	-0.984486	-0.999074	-0.934667	-0.823863	-0.712294	-0.636347	-0.61048	-0.635626	-0.687109	-0.767121	-0.882023	-1.02775	-1.19337	-1.36198	-1.50702	-1.59241	-1.59353	-1.51045	-1.356	-1.17342	-1.00252	-0.858708	-0.748405	-0.66107	-0.591842	-0.543834	-0.500501	-0.460973	-0.423276	-0.369901	-0.313294	-0.264848	-0.223651	-0.18857	-0.170018	-0.152396	-0.137961	-0.12295	-0.0936477	-0.0487783	0.00914897	0.089654	0.183212	0.274756	0.369319	0.452043	0.517593	0.561903	0.582975	0.578045	0.555292	0.513453	0.442878	0.361372	0.268003	0.161646	0.062227	-0.0260844	-0.10143	-0.148947	-0.178245	-0.192411	-0.184988	-0.166466	-0.13369	-0.0975069	-0.0604531	-0.0242008	-0.00727319	-0.000396479	0	
0	0.1293	0.258594	0.390771	0.511852	0.617974	0.683915	0.701975	0.656589	0.542229	0.352293	0.0864321	-0.222979	-0.536612	-0.800529	-0.98421	-1.06967	-1.06579	-0.998998	-0.896955	-0.781862	-0.671606	-0.573367	-0.498787	-0.453036	-0.45892	-0.519894	-0.631887	-0.765375	-0.870951	-0.904458	-0.855224	-0.760051	-0.660309	-0.585594	-0.559463	-0.582912	-0.635085	-0.725411	-0.854641	-1.02078	-1.20673	-1.38914	-1.53995	-1.62762	-1.62554	-1.54417	-1.39722	-1.22593	-1.06786	-0.939851	-0.853372	-0.792026	-0.750468	-0.725463	-0.700916	-0.669097	-0.630624	-0.576452	-0.517999	-0.468624	-0.423374	-0.38888	-0.367218	-0.339827	-0.308224	-0.268888	-0.210693	-0.132295	-0.0482947	0.051698	0.154036	0.242017	0.324471	0.386405	0.426839	0.447437	0.445269	0.412743	0.358332	0.28172	0.179038	0.068124	-0.0437741	-0.144313	-0.221939	-0.277273	-0.312642	-0.321228	-0.312135	-0.294275	-0.259592	-0.214199	-0.166004	-0.124886	-0.0855497	-0.0508284	-0.0325296	-0.0152808	0	
0	0.158618	0.314394	0.464462	0.599571	0.708887	0.773297	0.77922	0.719714	0.588981	0.384984	0.109565	-0.201538	-0.50717	-0.759329	-0.931684	-1.00605	-0.986184	-0.896955	-0.765598	-0.61779	-0.47293	-0.345656	-0.251971	-0.203024	-0.21792	-0.297462	-0.425934	-0.575383	-0.696692	-0.745537	-0.713199	-0.633092	-0.542754	-0.471903	-0.444017	-0.470688	-0.537073	-0.645588	-0.800856	-0.993132	-1.19752	-1.39109	-1.5478	-1.6322	-1.62729	-1.54505	-1.39846	-1.23088	-1.07652	-0.957049	-0.88284	-0.840637	-0.819244	-0.813851	-0.801756	-0.784392	-0.766089	-0.730229	-0.687285	-0.651241	-0.616615	-0.578121	-0.545029	-0.504985	-0.454545	-0.390877	-0.305263	-0.206847	-0.108556	0.00341148	0.111007	0.193096	0.255384	0.291624	0.305444	0.295632	0.259601	0.197684	0.119712	0.0198854	-0.101788	-0.220291	-0.329604	-0.422737	-0.481141	-0.50936	-0.519212	-0.497957	-0.461081	-0.421556	-0.366111	-0.305193	-0.245713	-0.197171	-0.155162	-0.111343	-0.0779443	-0.0434215	0	
0	0.181758	0.35582	0.517732	0.656141	0.763389	0.818743	0.812164	0.737752	0.596004	0.385995	0.112179	-0.190082	-0.480523	-0.715846	-0.874602	-0.935196	-0.89758	-0.781862	-0.61779	-0.434842	-0.255294	-0.101911	0.00749878	0.0589984	0.0360484	-0.0539756	-0.192606	-0.349833	-0.48039	-0.542989	-0.522662	-0.452996	-0.368906	-0.298208	-0.272491	-0.311571	-0.400586	-0.540788	-0.72729	-0.946337	-1.16866	-1.37061	-1.52653	-1.60509	-1.59117	-1.50046	-1.35056	-1.1835	-1.03107	-0.913283	-0.844552	-0.810357	-0.79934	-0.806288	-0.814914	-0.823516	-0.832147	-0.829697	-0.820147	-0.809435	-0.786132	-0.748614	-0.706224	-0.648543	-0.576407	-0.491558	-0.387573	-0.273597	-0.166532	-0.055484	0.0446516	0.114792	0.158326	0.169094	0.152075	0.11343	0.0492465	-0.0400731	-0.13758	-0.246464	-0.364679	-0.474835	-0.571132	-0.64335	-0.685436	-0.702769	-0.699718	-0.665462	-0.611954	-0.555119	-0.488121	-0.418045	-0.355414	-0.30587	-0.255119	-0.195617	-0.139236	-0.0753555	0	
0	0.196445	0.380974	0.545408	0.679681	0.777262	0.821061	0.800966	0.714972	0.566317	0.358145	0.0930934	-0.194475	-0.467514	-0.68617	-0.829891	-0.87583	-0.816534	-0.671606	-0.47293	-0.255294	-0.0456301	0.129064	0.250498	0.302766	0.276406	0.179822	0.0372469	-0.120977	-0.255683	-0.322125	-0.305469	-0.237098	-0.153215	-0.0850216	-0.0686604	-0.126493	-0.246365	-0.4176	-0.631651	-0.871416	-1.10597	-1.31178	-1.46524	-1.53504	-1.50915	-1.40686	-1.25032	-1.08097	-0.925439	-0.807171	-0.739028	-0.710076	-0.711197	-0.737372	-0.769191	-0.807503	-0.854394	-0.892797	-0.916246	-0.931042	-0.927189	-0.897109	-0.850764	-0.786181	-0.701524	-0.596136	-0.470814	-0.344065	-0.236241	-0.133566	-0.0474341	0.00314152	0.0228831	0.012283	-0.0206164	-0.0764733	-0.162573	-0.268931	-0.378394	-0.491134	-0.597261	-0.683989	-0.754636	-0.806317	-0.831095	-0.836134	-0.827557	-0.78614	-0.724301	-0.665221	-0.600035	-0.532289	-0.471576	-0.417005	-0.35173	-0.269221	-0.186167	-0.099046	0	
0	0.198897	0.383122	0.5388	0.661505	0.743045	0.775221	0.744375	0.652046	0.504272	0.304102	0.0563598	-0.213723	-0.467457	-0.669617	-0.798041	-0.826651	-0.746085	-0.573367	-0.345656	-0.101911	0.129064	0.318626	0.448723	0.505349	0.479509	0.382734	0.241588	0.0867366	-0.0441678	-0.106929	-0.0872976	-0.0147528	0.0690203	0.132122	0.138952	0.0656506	-0.0764307	-0.267951	-0.500797	-0.754685	-0.997892	-1.20448	-1.35262	-1.40921	-1.36991	-1.25684	-1.09689	-0.927628	-0.773899	-0.654427	-0.584773	-0.563772	-0.5832	-0.634718	-0.702183	-0.779373	-0.860278	-0.928901	-0.9817	-1.02144	-1.03919	-1.02462	-0.984696	-0.919501	-0.826045	-0.710017	-0.573774	-0.441994	-0.336722	-0.249208	-0.184188	-0.15086	-0.148277	-0.172382	-0.21482	-0.274961	-0.363032	-0.470971	-0.578314	-0.682861	-0.773211	-0.838535	-0.882199	-0.904732	-0.907424	-0.899041	-0.882031	-0.840355	-0.782507	-0.726726	-0.667377	-0.603759	-0.54103	-0.480016	-0.405644	-0.30963	-0.211538	-0.112613	0	
0	0.189944	0.361733	0.502583	0.605858	0.672742	0.694408	0.660326	0.568512	0.426964	0.240669	0.0114055	-0.240279	-0.477245	-0.66601	-0.778605	-0.792078	-0.691936	-0.498787	-0.251971	0.00749878	0.250498	0.448723	0.586296	0.645382	0.62111	0.523833	0.384929	0.238486	0.120367	0.0701596	0.101693	0.181242	0.265853	0.325176	0.326731	0.246609	0.0969379	-0.104237	-0.343928	-0.600218	-0.842014	-1.04238	-1.17826	-1.22482	-1.17895	-1.06051	-0.901997	-0.734729	-0.580357	-0.460434	-0.397908	-0.394442	-0.442269	-0.528479	-0.630058	-0.737089	-0.844989	-0.945949	-1.02891	-1.09546	-1.13585	-1.13652	-1.10451	-1.04361	-0.955629	-0.841293	-0.709984	-0.588595	-0.496786	-0.42617	-0.371572	-0.345518	-0.348378	-0.375156	-0.416521	-0.472235	-0.55435	-0.648195	-0.736445	-0.816238	-0.877388	-0.917565	-0.940534	-0.940617	-0.917266	-0.885647	-0.851952	-0.806208	-0.756574	-0.715897	-0.671799	-0.611482	-0.543156	-0.473296	-0.389581	-0.293	-0.19954	-0.104765	0	
0	0.16764	0.317808	0.434253	0.517868	0.569174	0.588031	0.557379	0.473818	0.344386	0.174132	-0.0341473	-0.267748	-0.489312	-0.66471	-0.764379	-0.764405	-0.654415	-0.453036	-0.203024	0.0589984	0.302766	0.505349	0.645382	0.707029	0.683394	0.588324	0.457241	0.328416	0.230372	0.200836	0.242278	0.327319	0.412532	0.472244	0.478281	0.40907	0.264426	0.0690553	-0.166093	-0.415887	-0.649141	-0.837736	-0.964501	-1.00311	-0.950326	-0.828222	-0.668903	-0.50303	-0.356736	-0.251346	-0.205831	-0.227635	-0.306878	-0.421651	-0.553236	-0.689771	-0.82944	-0.959941	-1.07187	-1.16257	-1.22367	-1.23999	-1.21418	-1.16042	-1.0836	-0.988715	-0.880627	-0.782459	-0.71024	-0.654627	-0.606734	-0.575989	-0.571648	-0.592938	-0.627831	-0.673352	-0.735436	-0.797757	-0.849515	-0.889508	-0.912353	-0.919343	-0.914132	-0.892275	-0.850029	-0.800163	-0.752689	-0.703377	-0.658087	-0.624805	-0.589419	-0.535336	-0.466623	-0.394963	-0.317394	-0.232379	-0.154884	-0.0825363	0	
0	0.132542	0.249176	0.336834	0.397572	0.438498	0.459309	0.439893	0.370143	0.255138	0.102122	-0.08615	-0.302688	-0.509617	-0.676106	-0.765187	-0.761915	-0.652133	-0.45892	-0.21792	0.0360484	0.276406	0.479509	0.62111	0.683394	0.661891	0.573235	0.458474	0.352412	0.282221	0.271022	0.321935	0.41145	0.500559	0.568367	0.589459	0.53536	0.406117	0.22113	-0.00382079	-0.237842	-0.456673	-0.632608	-0.746988	-0.775609	-0.716272	-0.584761	-0.424468	-0.264926	-0.135207	-0.0490185	-0.0266807	-0.0750654	-0.181131	-0.324495	-0.485767	-0.653041	-0.8192	-0.978575	-1.11861	-1.23085	-1.30516	-1.32834	-1.31188	-1.2715	-1.21824	-1.15068	-1.07183	-1.00166	-0.948808	-0.907282	-0.862516	-0.826696	-0.812995	-0.821303	-0.839287	-0.861888	-0.89235	-0.915541	-0.921368	-0.90932	-0.886097	-0.855224	-0.819414	-0.772293	-0.71055	-0.651002	-0.596704	-0.54654	-0.504282	-0.469538	-0.436746	-0.389746	-0.32987	-0.272115	-0.209972	-0.145114	-0.0927258	-0.0470609	0	
0	0.0834319	0.155184	0.207364	0.243161	0.275573	0.300964	0.296349	0.241519	0.14159	0.00504479	-0.163381	-0.360652	-0.55396	-0.710403	-0.795997	-0.793866	-0.69716	-0.519894	-0.297462	-0.0539756	0.179822	0.382734	0.523833	0.588324	0.573235	0.501191	0.409719	0.333634	0.28869	0.294228	0.351361	0.444211	0.541251	0.620304	0.655159	0.6186	0.504424	0.331752	0.122394	-0.0973369	-0.302049	-0.465848	-0.566314	-0.581497	-0.503845	-0.360797	-0.19801	-0.048894	0.0592021	0.119449	0.117824	0.0482164	-0.0832832	-0.253692	-0.446382	-0.64266	-0.839657	-1.02319	-1.17848	-1.29779	-1.37703	-1.41003	-1.4036	-1.37717	-1.34633	-1.30668	-1.25565	-1.20702	-1.17007	-1.14029	-1.1008	-1.06499	-1.04462	-1.04151	-1.04019	-1.03163	-1.01892	-0.992505	-0.952755	-0.896715	-0.827255	-0.751696	-0.676953	-0.601702	-0.525909	-0.46264	-0.411754	-0.366115	-0.321836	-0.280832	-0.244635	-0.20568	-0.165184	-0.131304	-0.0954542	-0.0571857	-0.0302371	-0.0126044	0	
0	0.0237531	0.0432592	0.054379	0.0657384	0.0887554	0.120759	0.128809	0.0893792	0.00197185	-0.117548	-0.26624	-0.442726	-0.621518	-0.772503	-0.857832	-0.867129	-0.78626	-0.631887	-0.425934	-0.192606	0.0372469	0.241588	0.384929	0.457241	0.458474	0.409719	0.347303	0.295416	0.26946	0.285168	0.344504	0.442082	0.546277	0.634993	0.68099	0.657166	0.556387	0.395607	0.19332	-0.0159838	-0.212433	-0.362619	-0.443598	-0.434675	-0.336825	-0.18102	-0.0196067	0.117099	0.204848	0.244402	0.226009	0.135228	-0.0221515	-0.224857	-0.448545	-0.674372	-0.88976	-1.07996	-1.23975	-1.36304	-1.44395	-1.47916	-1.48133	-1.46772	-1.45542	-1.43713	-1.40578	-1.37144	-1.34472	-1.3228	-1.29265	-1.26283	-1.24066	-1.22799	-1.20435	-1.16433	-1.10863	-1.03787	-0.955004	-0.854615	-0.751719	-0.64268	-0.533497	-0.434048	-0.343472	-0.275891	-0.226194	-0.182946	-0.139441	-0.0926284	-0.0544944	-0.0252982	-0.00193284	0.00477504	0.00751908	0.0131947	0.0111449	0.00765886	0	
0	-0.0383084	-0.0737604	-0.101609	-0.114963	-0.0977182	-0.0618131	-0.0402773	-0.0671414	-0.13925	-0.241726	-0.36759	-0.522808	-0.689595	-0.838693	-0.934273	-0.957785	-0.899603	-0.765375	-0.575383	-0.349833	-0.120977	0.0867366	0.238486	0.328416	0.352412	0.333634	0.295416	0.259903	0.245219	0.264106	0.326293	0.423822	0.531003	0.622082	0.671855	0.653734	0.563213	0.405548	0.207611	0.00200949	-0.182005	-0.314693	-0.372197	-0.342766	-0.22985	-0.0696546	0.0917412	0.222995	0.299403	0.327975	0.291535	0.179893	-0.00343724	-0.233758	-0.48285	-0.722259	-0.943494	-1.13309	-1.28792	-1.40342	-1.4781	-1.51594	-1.52744	-1.52454	-1.52707	-1.52524	-1.50645	-1.48184	-1.46342	-1.45138	-1.43195	-1.41159	-1.39044	-1.36546	-1.32211	-1.25165	-1.15811	-1.05306	-0.938855	-0.81033	-0.678378	-0.54435	-0.41868	-0.306394	-0.209435	-0.135121	-0.0754105	-0.0252391	0.0189432	0.0613318	0.0933959	0.111752	0.122092	0.114234	0.0932939	0.0684886	0.0399195	0.0196382	0	
0	-0.0948789	-0.179031	-0.241746	-0.274235	-0.262468	-0.221406	-0.189221	-0.19938	-0.254125	-0.331138	-0.432518	-0.562876	-0.719828	-0.871638	-0.980228	-1.02287	-0.984486	-0.870951	-0.696692	-0.48039	-0.255683	-0.0441678	0.120367	0.230372	0.282221	0.28869	0.26946	0.245219	0.235624	0.259595	0.321305	0.414094	0.515463	0.600902	0.645187	0.626246	0.535446	0.37618	0.176521	-0.0218496	-0.190567	-0.30298	-0.340769	-0.299966	-0.180425	-0.0184864	0.144283	0.271768	0.343051	0.356677	0.305262	0.179523	-0.0183011	-0.264884	-0.520741	-0.762525	-0.980595	-1.15515	-1.29207	-1.39515	-1.46143	-1.49849	-1.51788	-1.5254	-1.53991	-1.55184	-1.54842	-1.53446	-1.52897	-1.5292	-1.52472	-1.51593	-1.49183	-1.45668	-1.39453	-1.3024	-1.18562	-1.05775	-0.922749	-0.772587	-0.625695	-0.479443	-0.344026	-0.233287	-0.136843	-0.0556878	0.0101836	0.0682012	0.116178	0.152714	0.176585	0.187578	0.191485	0.177293	0.148046	0.108727	0.063247	0.0312512	0	
0	-0.138529	-0.259611	-0.348864	-0.394272	-0.386035	-0.339977	-0.295501	-0.285929	-0.312969	-0.359557	-0.429123	-0.535816	-0.68277	-0.838657	-0.961576	-1.01995	-0.999074	-0.904458	-0.745537	-0.542989	-0.322125	-0.106929	0.0701596	0.200836	0.271022	0.294228	0.285168	0.264106	0.259595	0.285716	0.346275	0.432285	0.524274	0.60038	0.634149	0.602039	0.500127	0.331557	0.129527	-0.0610387	-0.213445	-0.309549	-0.339716	-0.293636	-0.172948	-0.0116523	0.151863	0.276002	0.333308	0.332564	0.267694	0.133284	-0.0654478	-0.30697	-0.553341	-0.779916	-0.974636	-1.12318	-1.23878	-1.32629	-1.38278	-1.41792	-1.44194	-1.4575	-1.48251	-1.51174	-1.52572	-1.53217	-1.54773	-1.56437	-1.57503	-1.57314	-1.54711	-1.49972	-1.42774	-1.32815	-1.20082	-1.06492	-0.916435	-0.755335	-0.603886	-0.459438	-0.332021	-0.227209	-0.135141	-0.0516605	0.0234404	0.0879708	0.136065	0.171203	0.193686	0.197813	0.196006	0.181567	0.153032	0.119135	0.0778252	0.0398321	0	
0	-0.160634	-0.30111	-0.402404	-0.453921	-0.444737	-0.394139	-0.336166	-0.302865	-0.297821	-0.309423	-0.350031	-0.435937	-0.576887	-0.737052	-0.871726	-0.941599	-0.934667	-0.855224	-0.713199	-0.522662	-0.305469	-0.0872976	0.101693	0.242278	0.321935	0.351361	0.344504	0.326293	0.321305	0.346275	0.403164	0.477426	0.557416	0.619307	0.633185	0.580256	0.463259	0.287675	0.0882077	-0.0958785	-0.240804	-0.335926	-0.36669	-0.322495	-0.201227	-0.0382282	0.125132	0.23897	0.285475	0.269529	0.191189	0.0579982	-0.128621	-0.353684	-0.572047	-0.762731	-0.922637	-1.03894	-1.12627	-1.19594	-1.24364	-1.27779	-1.30948	-1.33494	-1.3694	-1.41189	-1.44735	-1.4786	-1.51785	-1.55221	-1.5734	-1.57714	-1.54876	-1.49706	-1.42368	-1.32315	-1.19965	-1.06617	-0.919268	-0.765205	-0.624242	-0.496729	-0.386622	-0.294521	-0.205969	-0.118493	-0.0423086	0.0271987	0.081966	0.117044	0.141397	0.147391	0.139876	0.125045	0.110026	0.0941861	0.0692883	0.0407987	0	
0	-0.164248	-0.307685	-0.412201	-0.463078	-0.453968	-0.398029	-0.3283	-0.268983	-0.23018	-0.208443	-0.224241	-0.296489	-0.43309	-0.596973	-0.73946	-0.818901	-0.823863	-0.760051	-0.633092	-0.452996	-0.237098	-0.0147528	0.181242	0.327319	0.41145	0.444211	0.442082	0.423822	0.414094	0.432285	0.477426	0.537058	0.596188	0.632435	0.617261	0.537688	0.404969	0.22906	0.0319011	-0.15146	-0.299128	-0.398365	-0.435317	-0.393428	-0.274647	-0.117413	0.0391376	0.145635	0.183478	0.15816	0.080161	-0.0433614	-0.209031	-0.401032	-0.579115	-0.729692	-0.846375	-0.919112	-0.97009	-1.01583	-1.05305	-1.08702	-1.12456	-1.1599	-1.20541	-1.26434	-1.31842	-1.36857	-1.42724	-1.47825	-1.51485	-1.5276	-1.50097	-1.44819	-1.3773	-1.28401	-1.17078	-1.0496	-0.920284	-0.794395	-0.686705	-0.588237	-0.496969	-0.416031	-0.33405	-0.249519	-0.175525	-0.10712	-0.0507458	-0.0115633	0.0186471	0.0323786	0.0350585	0.0340239	0.0362245	0.0420887	0.0374083	0.0229435	0	
0	-0.155517	-0.292671	-0.395003	-0.445392	-0.437989	-0.382129	-0.303895	-0.22463	-0.15663	-0.11012	-0.109473	-0.174635	-0.307049	-0.470201	-0.614142	-0.699526	-0.712294	-0.660309	-0.542754	-0.368906	-0.153215	0.0690203	0.265853	0.412532	0.500559	0.541251	0.546277	0.531003	0.515463	0.524274	0.557416	0.596188	0.622609	0.620445	0.564326	0.454127	0.304448	0.123895	-0.0768734	-0.265844	-0.419601	-0.519941	-0.559159	-0.519003	-0.409698	-0.261657	-0.115528	-0.0172539	0.01599	-0.00744446	-0.0783156	-0.180381	-0.309179	-0.458904	-0.593485	-0.696693	-0.764597	-0.796442	-0.810812	-0.82728	-0.845705	-0.869249	-0.905932	-0.9494	-1.0009	-1.06517	-1.13004	-1.19884	-1.27431	-1.33548	-1.37941	-1.40128	-1.38827	-1.3465	-1.28545	-1.20495	-1.11401	-1.02287	-0.929314	-0.845071	-0.774132	-0.705204	-0.634773	-0.56333	-0.489212	-0.418426	-0.357671	-0.295773	-0.241115	-0.201926	-0.164751	-0.132709	-0.106334	-0.0803554	-0.0526996	-0.0277693	-0.0153384	-0.00848186	0	
0	-0.138988	-0.264346	-0.360795	-0.411224	-0.407979	-0.357166	-0.278443	-0.189573	-0.105127	-0.0475153	-0.0409271	-0.106388	-0.233893	-0.391768	-0.533101	-0.618181	-0.636347	-0.585594	-0.471903	-0.298208	-0.0850216	0.132122	0.325176	0.472244	0.568367	0.620304	0.634993	0.622082	0.600902	0.60038	0.619307	0.632435	0.620445	0.572276	0.47746	0.334865	0.162347	-0.0334492	-0.247093	-0.447836	-0.603383	-0.703494	-0.741391	-0.705157	-0.603918	-0.464331	-0.325757	-0.23213	-0.199073	-0.218885	-0.276116	-0.349283	-0.439096	-0.539337	-0.622915	-0.677447	-0.701967	-0.694574	-0.673913	-0.663211	-0.664884	-0.673156	-0.694108	-0.722049	-0.763022	-0.826845	-0.901208	-0.981364	-1.06091	-1.12586	-1.16929	-1.19443	-1.19361	-1.17436	-1.1438	-1.09421	-1.04066	-0.986248	-0.934861	-0.898352	-0.865136	-0.823107	-0.77065	-0.713872	-0.654616	-0.59961	-0.553666	-0.501134	-0.449776	-0.409961	-0.365055	-0.312893	-0.261624	-0.212536	-0.16349	-0.119136	-0.0851254	-0.048488	0	
0	-0.11626	-0.223333	-0.308731	-0.355148	-0.355165	-0.311539	-0.240868	-0.154486	-0.0718279	-0.0163443	-0.0184415	-0.0895359	-0.216104	-0.369959	-0.50605	-0.594056	-0.61048	-0.559463	-0.444017	-0.272491	-0.0686604	0.138952	0.326731	0.478281	0.589459	0.655159	0.68099	0.671855	0.645187	0.634149	0.633185	0.617261	0.564326	0.47746	0.347659	0.176794	-0.0228105	-0.238333	-0.465637	-0.670709	-0.830102	-0.928794	-0.969302	-0.938714	-0.843429	-0.70729	-0.57318	-0.477409	-0.436611	-0.444188	-0.480108	-0.527319	-0.579565	-0.632752	-0.668025	-0.674536	-0.652428	-0.612281	-0.569452	-0.540751	-0.523618	-0.508094	-0.501103	-0.507999	-0.5349	-0.587189	-0.657107	-0.735129	-0.811363	-0.867211	-0.903901	-0.933435	-0.949144	-0.957248	-0.956149	-0.947921	-0.942696	-0.934298	-0.927016	-0.924378	-0.921278	-0.907967	-0.883108	-0.849129	-0.804757	-0.763063	-0.725365	-0.680453	-0.635032	-0.5939	-0.542004	-0.472389	-0.403186	-0.344227	-0.28209	-0.215954	-0.153791	-0.0842518	0	
0	-0.0905797	-0.174863	-0.243157	-0.280017	-0.27907	-0.244107	-0.186349	-0.117589	-0.0485527	-0.0118154	-0.0281039	-0.1131	-0.242301	-0.394436	-0.53	-0.618242	-0.635626	-0.582912	-0.470688	-0.311571	-0.126493	0.0656506	0.246609	0.40907	0.53536	0.6186	0.657166	0.653734	0.626246	0.602039	0.580256	0.537688	0.454127	0.334865	0.176794	-0.0248258	-0.251565	-0.482246	-0.709721	-0.911358	-1.06522	-1.16364	-1.20875	-1.18442	-1.09947	-0.971601	-0.840155	-0.734493	-0.679708	-0.663926	-0.677863	-0.698084	-0.713931	-0.718523	-0.707415	-0.672425	-0.620898	-0.560454	-0.496229	-0.441859	-0.399371	-0.358659	-0.330902	-0.324179	-0.338769	-0.375169	-0.425371	-0.486037	-0.544036	-0.590424	-0.624839	-0.660908	-0.697104	-0.727646	-0.751113	-0.774276	-0.811342	-0.8511	-0.88613	-0.917404	-0.93576	-0.938915	-0.937482	-0.926186	-0.901127	-0.874484	-0.842811	-0.80266	-0.763019	-0.722306	-0.666209	-0.590923	-0.513011	-0.444626	-0.370669	-0.281318	-0.191901	-0.101889	0	
0	-0.0642678	-0.123932	-0.168952	-0.192087	-0.186222	-0.160317	-0.122882	-0.079946	-0.0403432	-0.0271425	-0.0666152	-0.165378	-0.301571	-0.452572	-0.584893	-0.670707	-0.687109	-0.635085	-0.537073	-0.400586	-0.246365	-0.0764307	0.0969379	0.264426	0.406117	0.504424	0.556387	0.563213	0.535446	0.500127	0.463259	0.404969	0.304448	0.162347	-0.0228105	-0.251565	-0.495756	-0.729868	-0.946332	-1.13416	-1.27984	-1.37639	-1.41873	-1.404	-1.32893	-1.21041	-1.0824	-0.973427	-0.904081	-0.872658	-0.862599	-0.84978	-0.822982	-0.782565	-0.734703	-0.674226	-0.605834	-0.528005	-0.443442	-0.362852	-0.293373	-0.231944	-0.189893	-0.170628	-0.175614	-0.195073	-0.222204	-0.252739	-0.286723	-0.323147	-0.357448	-0.4023	-0.448235	-0.496755	-0.54122	-0.592869	-0.6653	-0.740362	-0.810174	-0.862296	-0.895019	-0.911772	-0.921681	-0.923792	-0.913073	-0.903857	-0.889741	-0.858725	-0.816447	-0.769441	-0.713161	-0.638687	-0.560479	-0.489546	-0.401873	-0.29926	-0.202213	-0.102619	0	
0	-0.0379191	-0.0697532	-0.0883022	-0.0922535	-0.0797948	-0.0626705	-0.0489371	-0.0398531	-0.0369244	-0.0557872	-0.122603	-0.241051	-0.389519	-0.542573	-0.670353	-0.753097	-0.767121	-0.725411	-0.645588	-0.540788	-0.4176	-0.267951	-0.104237	0.0690553	0.22113	0.331752	0.395607	0.405548	0.37618	0.331557	0.287675	0.22906	0.123895	-0.0334492	-0.238333	-0.482246	-0.729868	-0.955705	-1.15415	-1.32387	-1.45697	-1.54348	-1.58531	-1.57636	-1.50876	-1.39903	-1.27526	-1.16234	-1.08964	-1.04405	-1.00757	-0.964094	-0.901848	-0.825202	-0.747656	-0.667439	-0.582606	-0.488797	-0.386993	-0.289729	-0.204837	-0.131404	-0.0776839	-0.0488253	-0.0440049	-0.0451703	-0.0480958	-0.058902	-0.0804491	-0.101086	-0.120693	-0.155871	-0.205542	-0.265909	-0.327104	-0.405525	-0.500142	-0.595298	-0.678767	-0.742411	-0.79271	-0.824001	-0.84815	-0.861581	-0.861861	-0.864926	-0.858094	-0.830086	-0.78236	-0.723055	-0.665902	-0.605461	-0.534885	-0.463995	-0.378782	-0.277307	-0.185448	-0.096273	0	
0	-0.0103521	-0.0126306	-0.00252795	0.0132992	0.0326861	0.0396853	0.0290038	0.00023084	-0.0380159	-0.0952211	-0.19486	-0.338279	-0.505233	-0.661085	-0.786353	-0.862799	-0.882023	-0.854641	-0.800856	-0.72729	-0.631651	-0.500797	-0.343928	-0.166093	-0.00382079	0.122394	0.19332	0.207611	0.176521	0.129527	0.0882077	0.0319011	-0.0768734	-0.247093	-0.465637	-0.709721	-0.946332	-1.15415	-1.32766	-1.4729	-1.58638	-1.66464	-1.70431	-1.69852	-1.63461	-1.52977	-1.40727	-1.29742	-1.21551	-1.14704	-1.08477	-1.01487	-0.929417	-0.835009	-0.739338	-0.637216	-0.534789	-0.424444	-0.313538	-0.211583	-0.121501	-0.0461534	0.00948707	0.0458828	0.0632705	0.0743213	0.0866785	0.0944505	0.0898158	0.0835879	0.0791858	0.062783	0.0250264	-0.0388509	-0.116291	-0.208152	-0.308567	-0.408249	-0.492744	-0.559934	-0.623757	-0.678719	-0.723944	-0.750453	-0.758301	-0.761905	-0.756292	-0.726696	-0.675741	-0.617015	-0.56022	-0.505257	-0.442597	-0.378211	-0.30458	-0.221091	-0.147269	-0.0743989	0	
0	0.0142817	0.0379724	0.0710212	0.101412	0.121683	0.118859	0.0838019	0.0216218	-0.0585383	-0.154527	-0.288503	-0.458911	-0.643364	-0.803914	-0.92493	-0.999047	-1.02775	-1.02078	-0.993132	-0.946337	-0.871416	-0.754685	-0.600218	-0.415887	-0.237842	-0.0973369	-0.0159838	0.00200949	-0.0218496	-0.0610387	-0.0958785	-0.15146	-0.265844	-0.447836	-0.670709	-0.911358	-1.13416	-1.32387	-1.4729	-1.58984	-1.68151	-1.74803	-1.78088	-1.77303	-1.70987	-1.61125	-1.49321	-1.37694	-1.27199	-1.17519	-1.08422	-0.994887	-0.898499	-0.794018	-0.678607	-0.563632	-0.454292	-0.337842	-0.22365	-0.119097	-0.0281395	0.0448671	0.0956688	0.132895	0.151469	0.169574	0.201007	0.230878	0.241989	0.247486	0.254349	0.248452	0.220926	0.16478	0.0898505	0.00197126	-0.0894255	-0.182816	-0.26671	-0.338885	-0.412422	-0.478935	-0.538256	-0.585438	-0.608445	-0.61097	-0.599914	-0.570755	-0.529246	-0.483951	-0.436612	-0.383584	-0.318535	-0.261303	-0.208241	-0.149662	-0.098084	-0.0468093	0	
0	0.039329	0.086006	0.136815	0.173151	0.190858	0.176165	0.12284	0.0309326	-0.0883654	-0.223658	-0.39438	-0.589994	-0.793094	-0.958396	-1.07808	-1.15423	-1.19337	-1.20673	-1.19752	-1.16866	-1.10597	-0.997892	-0.842014	-0.649141	-0.456673	-0.302049	-0.212433	-0.182005	-0.190567	-0.213445	-0.240804	-0.299128	-0.419601	-0.603383	-0.830102	-1.06522	-1.27984	-1.45697	-1.58638	-1.68151	-1.75627	-1.80644	-1.82833	-1.81103	-1.74446	-1.64665	-1.51892	-1.38204	-1.24702	-1.11781	-1.00052	-0.890821	-0.77759	-0.66232	-0.541321	-0.427195	-0.322314	-0.212821	-0.105136	-0.00952543	0.07481	0.138038	0.179944	0.210591	0.232946	0.263422	0.310983	0.357879	0.380215	0.39908	0.416042	0.418122	0.396789	0.346129	0.281717	0.212291	0.139739	0.0554124	-0.0260233	-0.100524	-0.177449	-0.247949	-0.311468	-0.368461	-0.407686	-0.420257	-0.416609	-0.397798	-0.371838	-0.347296	-0.314141	-0.269504	-0.212173	-0.162927	-0.129404	-0.0960003	-0.0631367	-0.02992	0	
0	0.0631363	0.130611	0.188641	0.22636	0.234097	0.212222	0.146333	0.0326837	-0.117361	-0.291895	-0.491275	-0.712143	-0.928644	-1.10303	-1.22804	-1.30985	-1.36198	-1.38914	-1.39109	-1.37061	-1.31178	-1.20448	-1.04238	-0.837736	-0.632608	-0.465848	-0.362619	-0.314693	-0.30298	-0.309549	-0.335926	-0.398365	-0.519941	-0.703494	-0.928794	-1.16364	-1.37639	-1.54348	-1.66464	-1.74803	-1.80644	-1.84166	-1.85454	-1.82739	-1.75784	-1.64382	-1.48678	-1.3133	-1.13967	-0.974808	-0.828	-0.690947	-0.562739	-0.445253	-0.324669	-0.216861	-0.125313	-0.0315205	0.0562256	0.128668	0.186961	0.230678	0.261893	0.296045	0.331643	0.367107	0.420667	0.476201	0.511677	0.537482	0.557742	0.566688	0.551333	0.507007	0.448149	0.398095	0.349636	0.284206	0.215129	0.143933	0.0699237	-4.66442e-05	-0.0659506	-0.131345	-0.181441	-0.206891	-0.225947	-0.231662	-0.228782	-0.224607	-0.208738	-0.187345	-0.153469	-0.117214	-0.0937699	-0.0720246	-0.0505488	-0.0274524	0	
