0	0	0	0	0	0	0	0	0	0	0	0	0	0	0	0	0	0	0	0	0	0	0	0	0	0	0	0	0	0	0	0	0	0	0	0	0	0	0	0	0	0	0	0	0	0	0	0	0	0	0	0	0	0	0	0	0	0	0	0	0	0	0	0	0	0	0	0	0	0	0	0	0	0	0	0	0	0	0	0	0	0	0	0	0	0	0	0	0	0	0	0	0	0	0	0	0	0	0	0	
0	0.00854069	0.0163167	0.0197657	0.0195816	0.0159428	0.0152965	0.0197953	0.0283446	0.0383165	0.0464013	0.0544238	0.0597362	0.0629382	0.0602173	0.0543741	0.0434423	0.0291691	0.0125838	-0.00438478	-0.0171428	-0.0274495	-0.0309758	-0.0270164	-0.0165626	-0.00588243	0.00224456	0.00777192	0.0146781	0.0188958	0.0191095	0.0181527	0.0173499	0.0164368	0.0137423	0.0117028	0.0130521	0.019079	0.0329416	0.0527812	0.0766771	0.10505	0.131258	0.15017	0.162554	0.166584	0.164872	0.154514	0.138281	0.118443	0.0947566	0.0675635	0.0465738	0.0328058	0.0223793	0.0119569	0.00123633	-0.0145104	-0.0330638	-0.0542333	-0.0784791	-0.104709	-0.130216	-0.155649	-0.179191	-0.202808	-0.229175	-0.250062	-0.263048	-0.268775	-0.265873	-0.258325	-0.24885	-0.231303	-0.20835	-0.183127	-0.155233	-0.127792	-0.102031	-0.0777795	-0.0542683	-0.0307065	-0.00789437	0.0103208	0.02845	0.0499624	0.0704986	0.0885016	0.105368	0.122944	0.135976	0.144031	0.14874	0.145362	0.135666	0.119419	0.0964858	0.0677583	0.033157	0	
0	0.0163167	0.0298882	0.0367515	0.0342476	0.0262635	0.0237906	0.0307508	0.0474733	0.0651979	0.0806392	0.0951642	0.10448	0.109524	0.103694	0.089686	0.0684318	0.0376435	0.00442244	-0.0292941	-0.0556791	-0.0736704	-0.079652	-0.0684243	-0.0438634	-0.0178672	0.00277302	0.0191128	0.0369387	0.0483444	0.0517446	0.0512682	0.0488032	0.0464011	0.0386638	0.0284594	0.02649	0.0311827	0.0490413	0.0825881	0.124555	0.175187	0.225339	0.264094	0.287193	0.298752	0.300532	0.286934	0.25915	0.224311	0.179424	0.130293	0.091242	0.0629315	0.0391041	0.0189024	-0.0024496	-0.0342468	-0.0723819	-0.112561	-0.157937	-0.207673	-0.254456	-0.302717	-0.34446	-0.389643	-0.438624	-0.478083	-0.503173	-0.512115	-0.507391	-0.491021	-0.473008	-0.439481	-0.394473	-0.347558	-0.293567	-0.241663	-0.19319	-0.147211	-0.10327	-0.0577727	-0.01406	0.0197374	0.0514597	0.0910503	0.130452	0.16101	0.188062	0.216719	0.237302	0.250734	0.254966	0.243462	0.22566	0.197466	0.158512	0.111655	0.0539924	0	
0	0.0197657	0.0367515	0.0418415	0.035246	0.0194312	0.0120128	0.0202428	0.0411343	0.0659489	0.0858173	0.104668	0.116106	0.121294	0.109995	0.0894566	0.0550761	0.011463	-0.0373959	-0.0852861	-0.119026	-0.142311	-0.143598	-0.120773	-0.0769751	-0.0307154	0.00846562	0.0402173	0.0740121	0.0979424	0.107576	0.108917	0.105588	0.0968961	0.077196	0.0540512	0.036756	0.0300329	0.0448096	0.0788794	0.127898	0.194293	0.260724	0.313202	0.35198	0.372698	0.38118	0.367924	0.337896	0.295944	0.24023	0.171562	0.116128	0.0777193	0.0467371	0.0151782	-0.018174	-0.0645383	-0.117376	-0.174632	-0.23824	-0.305028	-0.368172	-0.43045	-0.486721	-0.544877	-0.611607	-0.664867	-0.697049	-0.709453	-0.698851	-0.676052	-0.649688	-0.602212	-0.540871	-0.474783	-0.402419	-0.332021	-0.266882	-0.205933	-0.146219	-0.0856509	-0.0265909	0.0195625	0.0636696	0.115552	0.16269	0.199543	0.230491	0.261076	0.279467	0.286698	0.287461	0.271962	0.24764	0.213938	0.170329	0.118187	0.0556041	0	
0	0.0195816	0.0342476	0.035246	0.0189605	-0.00804126	-0.0236908	-0.0194848	0.00444763	0.0320112	0.0555672	0.0772049	0.0904862	0.0959661	0.0827654	0.0551106	0.0143793	-0.0417467	-0.100941	-0.157841	-0.196921	-0.21695	-0.210321	-0.169063	-0.100822	-0.02855	0.0333502	0.0849465	0.136049	0.172133	0.187422	0.189175	0.180214	0.162928	0.128633	0.0837531	0.0470194	0.020834	0.0189736	0.0469536	0.0958855	0.167174	0.244443	0.309106	0.35325	0.382797	0.400203	0.393411	0.362878	0.319456	0.255348	0.179282	0.117644	0.0731147	0.0340583	-0.00213467	-0.0416568	-0.100385	-0.169267	-0.240637	-0.31748	-0.39777	-0.470075	-0.541019	-0.59932	-0.662873	-0.735521	-0.793457	-0.827682	-0.83646	-0.82261	-0.792959	-0.763965	-0.71078	-0.639786	-0.566444	-0.48226	-0.401387	-0.32676	-0.255856	-0.18701	-0.114528	-0.0453158	0.0049366	0.0499889	0.105363	0.156396	0.189018	0.212372	0.237405	0.249881	0.2535	0.248877	0.226103	0.201938	0.17272	0.136052	0.0942268	0.0421469	0	
0	0.0159428	0.0262635	0.0194312	-0.00804126	-0.0477773	-0.0742661	-0.0734915	-0.0494621	-0.0181575	0.00791691	0.0318594	0.0469842	0.053585	0.0381129	0.0086607	-0.0392195	-0.100203	-0.166329	-0.226744	-0.262408	-0.276054	-0.253261	-0.191286	-0.0961707	0.0029583	0.0876633	0.157939	0.224495	0.270874	0.290139	0.288494	0.27192	0.241064	0.185808	0.118548	0.0556157	0.00585044	-0.0127862	0.00193681	0.043781	0.116578	0.196621	0.264219	0.315035	0.346569	0.366417	0.361089	0.334024	0.291143	0.228693	0.148583	0.0852884	0.0447643	0.0130911	-0.0213424	-0.0645429	-0.129999	-0.208078	-0.291428	-0.381852	-0.472277	-0.551698	-0.6242	-0.681467	-0.740909	-0.812159	-0.867735	-0.897136	-0.902575	-0.882289	-0.851523	-0.823612	-0.771021	-0.7008	-0.624935	-0.539321	-0.45423	-0.375213	-0.300879	-0.226752	-0.151607	-0.0802655	-0.0303727	0.0106523	0.05929	0.0995782	0.122337	0.136267	0.150803	0.154543	0.151744	0.146267	0.128775	0.11279	0.0957236	0.0749667	0.0507309	0.0190095	0	
0	0.0152965	0.0237906	0.0120128	-0.0236908	-0.0742661	-0.108007	-0.11048	-0.0829881	-0.0476052	-0.0166765	0.0103497	0.02874	0.0366552	0.0221821	-0.0107928	-0.0616042	-0.12984	-0.20105	-0.264686	-0.299207	-0.303725	-0.267942	-0.184584	-0.064815	0.0591158	0.165558	0.25181	0.330107	0.383747	0.402362	0.395144	0.367447	0.320139	0.245049	0.152197	0.0638884	-0.00970637	-0.0485327	-0.0469248	-0.0114886	0.0579244	0.139256	0.208906	0.256621	0.28903	0.31054	0.306305	0.277448	0.237339	0.175223	0.100095	0.045401	0.0159555	-0.00611271	-0.0308419	-0.0664278	-0.133295	-0.219344	-0.3142	-0.415673	-0.516523	-0.603069	-0.677753	-0.730786	-0.784561	-0.849788	-0.899961	-0.924118	-0.924349	-0.902585	-0.872928	-0.852103	-0.807473	-0.743069	-0.673142	-0.588298	-0.502534	-0.422138	-0.344882	-0.269336	-0.191685	-0.122595	-0.0828597	-0.0545548	-0.0193644	0.00721418	0.0132965	0.0104476	0.0142496	0.0127022	0.010572	0.0107791	0.00104647	-0.00226522	0.000167322	0.00174771	0.000605118	-0.00638649	0	
0	0.0197953	0.0307508	0.0202428	-0.0194848	-0.0734915	-0.11048	-0.109444	-0.0749485	-0.0301137	0.00878436	0.0417587	0.0644328	0.074793	0.0599001	0.0240533	-0.0341106	-0.110078	-0.191466	-0.261469	-0.298139	-0.299715	-0.252983	-0.155357	-0.0163223	0.12814	0.249932	0.34973	0.435984	0.492857	0.511357	0.497063	0.45717	0.395414	0.298893	0.182858	0.0690003	-0.0281131	-0.0875627	-0.100009	-0.0731313	-0.00564463	0.0755801	0.147632	0.197751	0.228247	0.247994	0.245049	0.220565	0.181574	0.124471	0.0551782	0.00845551	-0.00826946	-0.0126642	-0.02097	-0.0489407	-0.111517	-0.199185	-0.299067	-0.409696	-0.519509	-0.612496	-0.690402	-0.742695	-0.794759	-0.858394	-0.907925	-0.932218	-0.93317	-0.91304	-0.889499	-0.876404	-0.841251	-0.785327	-0.719886	-0.639359	-0.553605	-0.471975	-0.394809	-0.318245	-0.243803	-0.17973	-0.146261	-0.131814	-0.113587	-0.103465	-0.112181	-0.126817	-0.134175	-0.140908	-0.141714	-0.137884	-0.136504	-0.121825	-0.0994072	-0.0762882	-0.0534241	-0.0334894	0	
0	0.0283446	0.0474733	0.0411343	0.00444763	-0.0494621	-0.0829881	-0.0749485	-0.0281893	0.0292971	0.0806187	0.121186	0.150628	0.163421	0.148877	0.108634	0.0421279	-0.0455782	-0.139389	-0.220965	-0.265082	-0.267823	-0.218667	-0.112255	0.037813	0.193402	0.327341	0.433599	0.523823	0.583792	0.599907	0.579315	0.530849	0.45183	0.336874	0.198109	0.0589145	-0.0622545	-0.139299	-0.166575	-0.146336	-0.082177	0.00131249	0.0762488	0.129851	0.167616	0.194609	0.196459	0.174368	0.141418	0.0883463	0.0239741	-0.0162925	-0.0229092	-0.015793	-0.0142517	-0.0304974	-0.0854551	-0.168964	-0.26982	-0.381616	-0.491817	-0.588423	-0.66675	-0.721937	-0.776301	-0.844109	-0.901408	-0.932467	-0.940501	-0.925967	-0.909049	-0.902971	-0.875466	-0.826839	-0.767315	-0.691337	-0.609984	-0.532978	-0.45914	-0.386558	-0.314171	-0.254018	-0.22761	-0.217336	-0.205267	-0.204018	-0.220155	-0.243639	-0.259337	-0.270454	-0.273021	-0.264649	-0.255241	-0.233103	-0.194606	-0.149371	-0.104665	-0.0592855	0	
0	0.0383165	0.0651979	0.0659489	0.0320112	-0.0181575	-0.0476052	-0.0301137	0.0292971	0.102068	0.166186	0.217264	0.253826	0.270733	0.258458	0.214316	0.140672	0.0417644	-0.0662843	-0.159169	-0.213705	-0.220837	-0.170665	-0.0611223	0.0949568	0.259246	0.397278	0.508084	0.596861	0.652417	0.663345	0.634299	0.57144	0.479037	0.346204	0.186771	0.0251085	-0.116235	-0.215369	-0.255675	-0.241468	-0.177104	-0.0886436	-0.00138293	0.0635673	0.109907	0.14433	0.15805	0.147904	0.118212	0.0659009	0.00266367	-0.0396201	-0.0489277	-0.0404038	-0.0317515	-0.0443896	-0.0930939	-0.170292	-0.262188	-0.364516	-0.467442	-0.556337	-0.630072	-0.682726	-0.739992	-0.81368	-0.880127	-0.923374	-0.939038	-0.931674	-0.920764	-0.917424	-0.896644	-0.854953	-0.802725	-0.737822	-0.667478	-0.601844	-0.539978	-0.47606	-0.410063	-0.351849	-0.32031	-0.307886	-0.293752	-0.285577	-0.296831	-0.317383	-0.333115	-0.344291	-0.346684	-0.342716	-0.333717	-0.304308	-0.257522	-0.203568	-0.144157	-0.078268	0	
0	0.0464013	0.0806392	0.0858173	0.0555672	0.00791691	-0.0166765	0.00878436	0.0806187	0.166186	0.243437	0.301993	0.344549	0.363918	0.351207	0.304418	0.222368	0.114139	-0.0045874	-0.106496	-0.166588	-0.173704	-0.121281	-0.00657487	0.15382	0.320209	0.461266	0.568888	0.650586	0.698556	0.699714	0.657093	0.581184	0.46757	0.314228	0.133121	-0.0511392	-0.213451	-0.323773	-0.372091	-0.356906	-0.287137	-0.186204	-0.0863941	-0.00423922	0.0613919	0.112584	0.136841	0.13195	0.104111	0.0493532	-0.0220838	-0.0772426	-0.0980432	-0.0970041	-0.0955475	-0.109349	-0.152702	-0.220083	-0.300821	-0.388866	-0.47315	-0.547614	-0.605799	-0.651462	-0.704203	-0.776684	-0.849257	-0.898505	-0.920398	-0.916257	-0.908318	-0.905777	-0.889162	-0.856345	-0.814484	-0.76501	-0.713947	-0.668725	-0.625671	-0.577455	-0.520889	-0.465474	-0.428593	-0.400576	-0.369355	-0.3458	-0.337177	-0.341065	-0.348796	-0.353584	-0.353045	-0.346863	-0.33607	-0.311721	-0.266401	-0.208786	-0.148074	-0.0800105	0	
0	0.0544238	0.0951642	0.104668	0.0772049	0.0318594	0.0103497	0.0417587	0.121186	0.217264	0.301993	0.365967	0.410321	0.428302	0.414786	0.361227	0.272026	0.153066	0.0234006	-0.0860418	-0.151963	-0.158286	-0.100899	0.0196697	0.185736	0.357691	0.500944	0.607468	0.680377	0.715043	0.700384	0.640218	0.541748	0.405659	0.231677	0.0295396	-0.174071	-0.349635	-0.472215	-0.522433	-0.49807	-0.412228	-0.288971	-0.160067	-0.0514279	0.0347645	0.0987166	0.134935	0.136637	0.102975	0.0336133	-0.0538364	-0.128933	-0.172118	-0.188664	-0.195816	-0.21366	-0.255612	-0.316775	-0.385856	-0.456715	-0.523754	-0.578939	-0.617581	-0.646108	-0.683686	-0.742973	-0.806655	-0.853299	-0.871357	-0.867882	-0.862868	-0.861811	-0.855355	-0.835814	-0.809537	-0.779475	-0.749058	-0.723849	-0.699064	-0.665987	-0.618496	-0.565103	-0.519897	-0.479317	-0.431949	-0.383711	-0.348955	-0.327939	-0.311557	-0.295557	-0.281452	-0.270036	-0.257842	-0.23542	-0.199391	-0.15854	-0.11441	-0.0609309	0	
0	0.0597362	0.10448	0.116106	0.0904862	0.0469842	0.02874	0.0644328	0.150628	0.253826	0.344549	0.410321	0.45151	0.464462	0.441644	0.37845	0.274424	0.141838	-0.00164962	-0.120385	-0.191791	-0.196326	-0.133777	-0.00587702	0.164706	0.340114	0.485146	0.589564	0.65394	0.677019	0.650007	0.574566	0.458254	0.300382	0.104586	-0.118138	-0.339419	-0.527795	-0.65298	-0.696068	-0.6541	-0.544193	-0.389757	-0.230694	-0.0891389	0.0248437	0.10735	0.150271	0.149332	0.101154	0.0126751	-0.0977898	-0.199964	-0.267243	-0.300162	-0.316712	-0.338849	-0.375968	-0.428566	-0.487714	-0.546578	-0.598371	-0.636038	-0.65322	-0.661742	-0.676285	-0.710681	-0.755386	-0.788754	-0.798856	-0.794434	-0.794717	-0.800375	-0.80762	-0.806374	-0.796059	-0.782787	-0.768885	-0.75666	-0.743581	-0.720232	-0.680044	-0.63011	-0.57847	-0.523751	-0.458623	-0.38782	-0.322592	-0.268755	-0.225003	-0.183957	-0.149978	-0.126836	-0.110332	-0.0956758	-0.0763087	-0.0566841	-0.0406772	-0.0220248	0	
0	0.0629382	0.109524	0.121294	0.0959661	0.053585	0.0366552	0.074793	0.163421	0.270733	0.363918	0.428302	0.464462	0.467322	0.434548	0.355935	0.236449	0.0846903	-0.0754506	-0.208903	-0.291259	-0.30019	-0.237551	-0.107981	0.0652109	0.240793	0.390101	0.494695	0.55492	0.570895	0.535725	0.45021	0.32361	0.150112	-0.0565417	-0.290007	-0.51958	-0.712553	-0.83675	-0.871759	-0.810504	-0.673933	-0.486266	-0.290887	-0.116137	0.0237	0.118566	0.166078	0.159633	0.095825	-0.0163316	-0.152246	-0.278738	-0.369225	-0.416539	-0.440038	-0.459906	-0.491553	-0.53676	-0.587604	-0.636512	-0.676332	-0.699984	-0.696656	-0.683234	-0.670419	-0.67375	-0.692153	-0.706968	-0.705231	-0.70087	-0.708635	-0.724763	-0.750903	-0.770224	-0.77817	-0.779015	-0.775569	-0.768711	-0.755836	-0.733128	-0.691825	-0.638455	-0.580038	-0.51336	-0.433854	-0.34427	-0.253238	-0.170802	-0.0978472	-0.0301095	0.021576	0.0550445	0.0740038	0.0782722	0.0750127	0.0627307	0.0420893	0.0212229	0	
0	0.0602173	0.103694	0.109995	0.0827654	0.0381129	0.0221821	0.0599001	0.148877	0.258458	0.351207	0.414786	0.441644	0.434548	0.385881	0.291601	0.151198	-0.019776	-0.199967	-0.348745	-0.443213	-0.458593	-0.397671	-0.267412	-0.0977503	0.0780753	0.2256	0.330993	0.389338	0.401772	0.365766	0.284222	0.15644	-0.0157585	-0.221894	-0.454668	-0.682559	-0.870363	-0.988588	-1.0104	-0.929969	-0.770943	-0.558213	-0.340092	-0.140059	0.015717	0.116518	0.161075	0.148191	0.0663307	-0.0666295	-0.22032	-0.364833	-0.470831	-0.529053	-0.552852	-0.57064	-0.594972	-0.630906	-0.672536	-0.709634	-0.73866	-0.744795	-0.721415	-0.686844	-0.64835	-0.624592	-0.618363	-0.617401	-0.606104	-0.601383	-0.615359	-0.638271	-0.677446	-0.713766	-0.734613	-0.746239	-0.750864	-0.743979	-0.729245	-0.702332	-0.655409	-0.597173	-0.526906	-0.447841	-0.356589	-0.249812	-0.140861	-0.0391372	0.0547589	0.138603	0.19978	0.236861	0.25317	0.246519	0.220742	0.179061	0.125867	0.0653545	0	
0	0.0543741	0.089686	0.0894566	0.0551106	0.0086607	-0.0107928	0.0240533	0.108634	0.214316	0.304418	0.361227	0.37845	0.355935	0.291601	0.177548	0.0191759	-0.173332	-0.369405	-0.533278	-0.638297	-0.658759	-0.599028	-0.469616	-0.298914	-0.127777	0.0232894	0.13075	0.190251	0.204523	0.17462	0.0992934	-0.0152667	-0.179039	-0.372429	-0.590822	-0.802892	-0.978134	-1.0812	-1.08831	-0.993629	-0.819852	-0.593521	-0.36467	-0.159721	-0.00163268	0.0935171	0.128343	0.100509	0.00582118	-0.136788	-0.299842	-0.450204	-0.562571	-0.621511	-0.646519	-0.65956	-0.676664	-0.704066	-0.734609	-0.760501	-0.772668	-0.760809	-0.716919	-0.663658	-0.606869	-0.561985	-0.540124	-0.52753	-0.508071	-0.501337	-0.512126	-0.532206	-0.573017	-0.614477	-0.643713	-0.66284	-0.674746	-0.6723	-0.654708	-0.623819	-0.57195	-0.505072	-0.426469	-0.336637	-0.236596	-0.128446	-0.0144811	0.0949892	0.193439	0.282299	0.347739	0.387236	0.402454	0.386613	0.34314	0.278774	0.197773	0.102559	0	
0	0.0434423	0.0684318	0.0550761	0.0143793	-0.0392195	-0.0616042	-0.0341106	0.0421279	0.140672	0.222368	0.272026	0.274424	0.236449	0.151198	0.0191759	-0.160538	-0.369582	-0.580776	-0.754864	-0.864616	-0.886544	-0.822431	-0.685644	-0.513243	-0.335862	-0.180377	-0.0651877	0.00256781	0.0224288	0.000447209	-0.0580248	-0.159679	-0.305856	-0.479756	-0.677908	-0.869732	-1.02411	-1.11163	-1.10624	-1.00089	-0.820163	-0.592384	-0.369749	-0.168804	-0.0239033	0.0508398	0.0648324	0.0264264	-0.0775735	-0.227682	-0.388621	-0.532806	-0.639592	-0.696772	-0.713676	-0.71794	-0.726264	-0.742192	-0.759883	-0.768292	-0.765352	-0.734472	-0.67416	-0.608874	-0.540676	-0.487121	-0.455984	-0.436987	-0.412408	-0.398992	-0.400264	-0.406739	-0.434675	-0.470454	-0.496712	-0.517153	-0.535225	-0.535018	-0.520573	-0.491337	-0.438113	-0.372259	-0.291919	-0.203416	-0.110195	-0.00811081	0.0930957	0.18992	0.28714	0.372955	0.432841	0.475101	0.496643	0.482259	0.430104	0.350968	0.251799	0.13087	0	
0	0.0291691	0.0376435	0.011463	-0.0417467	-0.100203	-0.12984	-0.110078	-0.0455782	0.0417644	0.114139	0.153066	0.141838	0.0846903	-0.019776	-0.173332	-0.369582	-0.595441	-0.815361	-0.994388	-1.10322	-1.11886	-1.04266	-0.89403	-0.70758	-0.521988	-0.353873	-0.224073	-0.143908	-0.111571	-0.117749	-0.159576	-0.239773	-0.366203	-0.521975	-0.699994	-0.873058	-1.01335	-1.09012	-1.07608	-0.969683	-0.791172	-0.573023	-0.362912	-0.181959	-0.0558917	0.00145672	-0.000489995	-0.056136	-0.169078	-0.316878	-0.472006	-0.605761	-0.702644	-0.746976	-0.752423	-0.741487	-0.730743	-0.726582	-0.724111	-0.717311	-0.699212	-0.65575	-0.588671	-0.520014	-0.452007	-0.395685	-0.360653	-0.337093	-0.307102	-0.28761	-0.275555	-0.264601	-0.273859	-0.292501	-0.307555	-0.320744	-0.335711	-0.338389	-0.327458	-0.305144	-0.265698	-0.213706	-0.149314	-0.0764721	0.00031437	0.0774432	0.155632	0.235855	0.316455	0.390742	0.44805	0.490687	0.514459	0.505849	0.457878	0.379733	0.277806	0.146381	0	
0	0.0125838	0.00442244	-0.0373959	-0.100941	-0.166329	-0.20105	-0.191466	-0.139389	-0.0662843	-0.0045874	0.0234006	-0.00164962	-0.0754506	-0.199967	-0.369405	-0.580776	-0.815361	-1.03853	-1.21625	-1.31698	-1.322	-1.23033	-1.06261	-0.860892	-0.658557	-0.47312	-0.323708	-0.221972	-0.171692	-0.160111	-0.180231	-0.240543	-0.347982	-0.485905	-0.647811	-0.807489	-0.940374	-1.01611	-1.01032	-0.918262	-0.755896	-0.556067	-0.366219	-0.198969	-0.0844371	-0.0421736	-0.0584046	-0.117824	-0.227623	-0.374273	-0.523449	-0.646714	-0.732584	-0.767044	-0.753864	-0.717283	-0.679357	-0.647809	-0.620698	-0.595601	-0.568313	-0.522941	-0.460923	-0.399843	-0.33924	-0.286268	-0.248895	-0.218785	-0.1849	-0.159201	-0.13612	-0.111859	-0.100835	-0.100996	-0.0994337	-0.0981356	-0.105555	-0.105435	-0.101118	-0.0945468	-0.0766905	-0.0531327	-0.0197716	0.0227909	0.0709397	0.121868	0.170818	0.224917	0.290349	0.347773	0.387486	0.426351	0.456196	0.451999	0.407473	0.3386	0.24854	0.129063	0	
0	-0.00438478	-0.0292941	-0.0852861	-0.157841	-0.226744	-0.264686	-0.261469	-0.220965	-0.159169	-0.106496	-0.0860418	-0.120385	-0.208903	-0.348745	-0.533278	-0.754864	-0.994388	-1.21625	-1.38624	-1.47385	-1.46295	-1.34949	-1.1601	-0.936803	-0.71581	-0.512933	-0.342209	-0.22032	-0.150496	-0.119315	-0.117072	-0.154726	-0.240758	-0.364151	-0.514715	-0.671976	-0.80975	-0.900142	-0.915949	-0.850107	-0.714304	-0.542801	-0.373962	-0.222994	-0.116998	-0.071865	-0.0800085	-0.133934	-0.237665	-0.376372	-0.518079	-0.633058	-0.709186	-0.731333	-0.701944	-0.641013	-0.572181	-0.50763	-0.454725	-0.415043	-0.382634	-0.340881	-0.290674	-0.244349	-0.197513	-0.154198	-0.117787	-0.0849214	-0.0510453	-0.0229253	0.00525588	0.039124	0.0659073	0.0840211	0.103144	0.11892	0.123169	0.124651	0.120999	0.110329	0.0967336	0.0821236	0.0762782	0.0839744	0.102184	0.122952	0.144375	0.176429	0.221063	0.256687	0.275539	0.294592	0.310445	0.306136	0.275454	0.229992	0.172438	0.0916899	0	
0	-0.0171428	-0.0556791	-0.119026	-0.196921	-0.262408	-0.299207	-0.298139	-0.265082	-0.213705	-0.166588	-0.151963	-0.191791	-0.291259	-0.443213	-0.638297	-0.864616	-1.10322	-1.31698	-1.47385	-1.54489	-1.51527	-1.38151	-1.17105	-0.927401	-0.689009	-0.468759	-0.277135	-0.133422	-0.042949	0.0080209	0.0290713	0.0099687	-0.060181	-0.175472	-0.322229	-0.482803	-0.63423	-0.748873	-0.796914	-0.772026	-0.67469	-0.535667	-0.386899	-0.245476	-0.132172	-0.0744494	-0.070413	-0.109404	-0.193259	-0.315271	-0.443317	-0.545163	-0.610591	-0.623099	-0.577975	-0.49677	-0.405123	-0.320706	-0.249951	-0.20085	-0.166073	-0.13015	-0.0938358	-0.0614154	-0.0327258	-0.00397159	0.023596	0.0523592	0.0815351	0.107207	0.138671	0.178194	0.217437	0.249486	0.277618	0.299536	0.307487	0.30557	0.291829	0.264945	0.228063	0.184721	0.144522	0.117668	0.107113	0.10011	0.090826	0.0946769	0.112447	0.118731	0.110675	0.110536	0.115969	0.107966	0.0862856	0.0680853	0.0518589	0.0260354	0	
0	-0.0274495	-0.0736704	-0.142311	-0.21695	-0.276054	-0.303725	-0.299715	-0.267823	-0.220837	-0.173704	-0.158286	-0.196326	-0.30019	-0.458593	-0.658759	-0.886544	-1.11886	-1.322	-1.46295	-1.51527	-1.46645	-1.31279	-1.08078	-0.818638	-0.563085	-0.328207	-0.120836	0.0408759	0.148773	0.214402	0.251288	0.24824	0.188813	0.0781062	-0.0729447	-0.24927	-0.42681	-0.574685	-0.667143	-0.684025	-0.624105	-0.514232	-0.382735	-0.245249	-0.124966	-0.0503616	-0.0236913	-0.0411369	-0.102517	-0.205822	-0.314442	-0.39785	-0.443348	-0.441078	-0.388763	-0.301251	-0.203424	-0.110913	-0.0372987	0.0115224	0.0462292	0.0776657	0.108373	0.129627	0.143883	0.155474	0.168862	0.188434	0.205042	0.224446	0.252479	0.291798	0.336484	0.372408	0.399985	0.416824	0.419115	0.409888	0.389775	0.35689	0.309522	0.249046	0.186859	0.137139	0.0983532	0.0575549	0.0144634	-0.0130937	-0.0228683	-0.0430282	-0.0799354	-0.104408	-0.112297	-0.121686	-0.125321	-0.108456	-0.0773449	-0.041065	0	
0	-0.0309758	-0.079652	-0.143598	-0.210321	-0.253261	-0.267942	-0.252983	-0.218667	-0.170665	-0.121281	-0.100899	-0.133777	-0.237551	-0.397671	-0.599028	-0.822431	-1.04266	-1.23033	-1.34949	-1.38151	-1.31279	-1.1402	-0.892772	-0.614516	-0.346493	-0.102614	0.11831	0.293805	0.416586	0.495797	0.542567	0.546883	0.492194	0.374023	0.208469	0.00776368	-0.20072	-0.38948	-0.523865	-0.58348	-0.561096	-0.477433	-0.354393	-0.216147	-0.0832867	0.0136178	0.0600465	0.0607906	0.0181344	-0.0595991	-0.141546	-0.200063	-0.227283	-0.215732	-0.159866	-0.0769573	0.0137813	0.094366	0.157471	0.197727	0.225978	0.251956	0.275868	0.291147	0.295151	0.294231	0.298766	0.309596	0.316877	0.326965	0.344237	0.37607	0.413605	0.443251	0.460593	0.46277	0.45607	0.43796	0.412299	0.382226	0.337871	0.276685	0.206123	0.138487	0.0785961	0.0107737	-0.0682233	-0.132462	-0.17771	-0.22593	-0.280121	-0.318284	-0.333772	-0.338873	-0.323397	-0.275442	-0.200755	-0.105194	0	
0	-0.0270164	-0.0684243	-0.120773	-0.169063	-0.191286	-0.184584	-0.155357	-0.112255	-0.0611223	-0.00657487	0.0196697	-0.00587702	-0.107981	-0.267412	-0.469616	-0.685644	-0.89403	-1.06261	-1.1601	-1.17105	-1.08078	-0.892772	-0.628487	-0.33656	-0.0577964	0.19557	0.423398	0.608555	0.741842	0.82642	0.875267	0.880485	0.818542	0.688004	0.499502	0.268013	0.0219079	-0.205994	-0.382632	-0.478496	-0.484742	-0.416219	-0.297262	-0.155931	-0.00833006	0.105343	0.17147	0.191519	0.174557	0.120329	0.0615531	0.0213672	0.00982246	0.0278913	0.0739828	0.139564	0.211076	0.275271	0.321021	0.344896	0.359928	0.372009	0.386606	0.394031	0.391664	0.388219	0.392505	0.404719	0.409057	0.408104	0.40845	0.419994	0.438757	0.454505	0.457439	0.448743	0.434977	0.41304	0.390162	0.363895	0.325464	0.267713	0.194601	0.120952	0.0444453	-0.0497912	-0.156975	-0.251011	-0.325831	-0.397235	-0.468644	-0.514759	-0.527003	-0.521896	-0.483677	-0.404086	-0.294375	-0.154282	0	
0	-0.0165626	-0.0438634	-0.0769751	-0.100822	-0.0961707	-0.064815	-0.0163223	0.037813	0.0949568	0.15382	0.185736	0.164706	0.0652109	-0.0977503	-0.298914	-0.513243	-0.70758	-0.860892	-0.936803	-0.927401	-0.818638	-0.614516	-0.33656	-0.0317291	0.25937	0.520079	0.75491	0.947384	1.08619	1.17345	1.21623	1.21084	1.13295	0.97828	0.758328	0.491204	0.208191	-0.0542657	-0.263552	-0.383354	-0.40997	-0.351004	-0.234111	-0.0838868	0.0732754	0.206679	0.295866	0.341151	0.342798	0.312776	0.277518	0.251696	0.243709	0.25276	0.281411	0.323368	0.374687	0.419061	0.446277	0.452986	0.450186	0.44324	0.443146	0.43883	0.431861	0.429479	0.439594	0.458605	0.463917	0.454416	0.43241	0.420104	0.415626	0.412732	0.40713	0.392737	0.37926	0.361099	0.340151	0.320403	0.287798	0.230453	0.157199	0.0788243	-0.00589927	-0.111417	-0.238243	-0.359242	-0.461511	-0.548687	-0.626154	-0.674638	-0.678628	-0.653709	-0.588856	-0.481656	-0.345984	-0.179353	0	
0	-0.00588243	-0.0178672	-0.0307154	-0.02855	0.0029583	0.0591158	0.12814	0.193402	0.259246	0.320209	0.357691	0.340114	0.240793	0.0780753	-0.127777	-0.335862	-0.521988	-0.658557	-0.71581	-0.689009	-0.563085	-0.346493	-0.0577964	0.25937	0.560644	0.831174	1.07224	1.27005	1.41462	1.49885	1.5311	1.50633	1.40212	1.21678	0.960431	0.654914	0.340312	0.0471533	-0.183673	-0.319906	-0.359349	-0.305977	-0.185003	-0.0302625	0.141538	0.295872	0.40982	0.478358	0.504767	0.497602	0.475773	0.452542	0.437874	0.434135	0.440441	0.458265	0.487275	0.514471	0.525908	0.519741	0.501223	0.479367	0.467013	0.453001	0.440513	0.436181	0.447747	0.465937	0.473871	0.454981	0.415505	0.385627	0.360195	0.345608	0.331722	0.314369	0.302782	0.287935	0.273541	0.25722	0.229123	0.176027	0.103002	0.0237998	-0.064755	-0.176119	-0.3099	-0.444113	-0.564855	-0.665692	-0.744924	-0.785979	-0.777484	-0.730328	-0.637628	-0.511135	-0.362007	-0.183632	0	
0	0.00224456	0.00277302	0.00846562	0.0333502	0.0876633	0.165558	0.249932	0.327341	0.397278	0.461266	0.500944	0.485146	0.390101	0.2256	0.0232894	-0.180377	-0.353873	-0.47312	-0.512933	-0.468759	-0.328207	-0.102614	0.19557	0.520079	0.831174	1.10968	1.35387	1.55435	1.69749	1.77634	1.7911	1.74222	1.60864	1.39147	1.1001	0.7644	0.419944	0.10704	-0.139483	-0.287877	-0.337074	-0.285719	-0.166571	-0.000171053	0.188289	0.364132	0.507146	0.606055	0.650143	0.653506	0.636194	0.606183	0.578353	0.557685	0.54269	0.534178	0.542068	0.552435	0.552111	0.536662	0.511907	0.486463	0.473214	0.456224	0.437669	0.428315	0.428913	0.439695	0.444975	0.420678	0.374878	0.336818	0.303934	0.279592	0.259735	0.236973	0.216345	0.201027	0.188405	0.176291	0.154352	0.104131	0.036153	-0.0415733	-0.131813	-0.240591	-0.369611	-0.50381	-0.628205	-0.726518	-0.80085	-0.83855	-0.818268	-0.754245	-0.648403	-0.508064	-0.352305	-0.180127	0	
0	0.00777192	0.0191128	0.0402173	0.0849465	0.157939	0.25181	0.34973	0.433599	0.508084	0.568888	0.607468	0.589564	0.494695	0.330993	0.13075	-0.0651877	-0.224073	-0.323708	-0.342209	-0.277135	-0.120836	0.11831	0.423398	0.75491	1.07224	1.35387	1.59589	1.78957	1.9239	1.98787	1.98146	1.90358	1.73974	1.49542	1.17945	0.82101	0.463916	0.139128	-0.116494	-0.272409	-0.330943	-0.28909	-0.169183	0.0081659	0.213172	0.417165	0.592477	0.715675	0.771165	0.779345	0.756523	0.716046	0.67204	0.631749	0.59328	0.563076	0.549866	0.543554	0.532966	0.518157	0.497253	0.478482	0.471108	0.4526	0.428789	0.407038	0.392304	0.389216	0.391365	0.367692	0.323032	0.290943	0.259774	0.23465	0.21281	0.182052	0.149459	0.122459	0.100864	0.0844554	0.06349	0.0165559	-0.0492661	-0.124279	-0.209141	-0.306746	-0.419588	-0.538763	-0.647911	-0.731129	-0.791203	-0.819009	-0.797498	-0.729277	-0.61933	-0.484577	-0.333434	-0.166173	0	
0	0.0146781	0.0369387	0.0740121	0.136049	0.224495	0.330107	0.435984	0.523823	0.596861	0.650586	0.680377	0.65394	0.55492	0.389338	0.190251	0.00256781	-0.143908	-0.221972	-0.22032	-0.133422	0.0408759	0.293805	0.608555	0.947384	1.27005	1.55435	1.78957	1.96907	2.08376	2.12368	2.08783	1.97596	1.78363	1.51747	1.18767	0.824388	0.465852	0.14065	-0.111751	-0.27386	-0.339126	-0.302106	-0.182166	0.00482786	0.231521	0.458141	0.657505	0.801474	0.86792	0.877511	0.850503	0.799846	0.738775	0.681953	0.625158	0.569274	0.531162	0.511035	0.500442	0.49205	0.47874	0.469527	0.465316	0.443932	0.409406	0.375781	0.346299	0.332804	0.335466	0.314338	0.276909	0.251036	0.226455	0.206844	0.188783	0.156746	0.111483	0.0704836	0.033639	0.000723329	-0.0311597	-0.0795634	-0.140163	-0.212688	-0.294185	-0.377164	-0.466196	-0.558937	-0.641187	-0.696657	-0.72942	-0.739449	-0.711201	-0.645043	-0.550026	-0.431314	-0.29551	-0.150261	0	
0	0.0188958	0.0483444	0.0979424	0.172133	0.270874	0.383747	0.492857	0.583792	0.652417	0.698556	0.715043	0.677019	0.570895	0.401772	0.204523	0.0224288	-0.111571	-0.171692	-0.150496	-0.042949	0.148773	0.416586	0.741842	1.08619	1.41462	1.69749	1.9239	2.08376	2.17211	2.18328	2.11606	1.97141	1.75348	1.47182	1.13778	0.777262	0.425024	0.109002	-0.137805	-0.297061	-0.358095	-0.321273	-0.19687	0.00335928	0.242846	0.481404	0.697639	0.853584	0.926224	0.935422	0.907377	0.855669	0.790508	0.720293	0.642917	0.567115	0.514796	0.487783	0.479078	0.479192	0.477158	0.474842	0.46924	0.440775	0.396061	0.352984	0.312479	0.294035	0.295587	0.277479	0.244653	0.219985	0.199448	0.183455	0.173334	0.147329	0.0976909	0.0452244	-0.0083684	-0.0587772	-0.106802	-0.165573	-0.228517	-0.296275	-0.368811	-0.439597	-0.509197	-0.573982	-0.620038	-0.637106	-0.6354	-0.618832	-0.576739	-0.512007	-0.435132	-0.342828	-0.234079	-0.118988	0	
0	0.0191095	0.0517446	0.107576	0.187422	0.290139	0.402362	0.511357	0.599907	0.663345	0.699714	0.700384	0.650007	0.535725	0.365766	0.17462	0.000447209	-0.117749	-0.160111	-0.119315	0.0080209	0.214402	0.495797	0.82642	1.17345	1.49885	1.77634	1.98787	2.12368	2.18328	2.16614	2.07234	1.90528	1.67055	1.38253	1.05188	0.698263	0.354802	0.0483677	-0.189406	-0.339523	-0.390757	-0.345554	-0.210801	0.000294492	0.248536	0.494923	0.712872	0.870537	0.9457	0.957099	0.931489	0.883367	0.813629	0.737176	0.657207	0.577352	0.515681	0.483938	0.479704	0.485849	0.488123	0.486483	0.47996	0.448775	0.401993	0.353993	0.30914	0.288542	0.286685	0.272075	0.240278	0.213183	0.189689	0.170555	0.162033	0.137472	0.0898857	0.0340726	-0.0301812	-0.0958377	-0.160462	-0.228316	-0.297124	-0.368642	-0.435702	-0.48855	-0.532461	-0.567469	-0.577323	-0.557094	-0.519426	-0.470848	-0.412788	-0.352383	-0.295725	-0.233756	-0.159419	-0.0806255	0	
0	0.0181527	0.0512682	0.108917	0.189175	0.288494	0.395144	0.497063	0.579315	0.634299	0.657093	0.640218	0.574566	0.45021	0.284222	0.0992934	-0.0580248	-0.159576	-0.180231	-0.117072	0.0290713	0.251288	0.542567	0.875267	1.21623	1.5311	1.7911	1.98146	2.08783	2.11606	2.07234	1.96228	1.78202	1.54576	1.26271	0.943951	0.604426	0.274188	-0.022938	-0.249056	-0.389101	-0.426401	-0.371621	-0.226293	-0.0110282	0.242461	0.486839	0.705365	0.865467	0.947212	0.956059	0.928144	0.879046	0.812578	0.741849	0.668497	0.593798	0.535765	0.506802	0.499975	0.50061	0.498801	0.497495	0.490379	0.464578	0.423054	0.378119	0.336251	0.315054	0.312118	0.299653	0.271578	0.23984	0.206721	0.179389	0.161489	0.132965	0.0850088	0.0271068	-0.0374791	-0.110097	-0.190373	-0.273638	-0.352458	-0.426123	-0.486569	-0.521747	-0.535946	-0.528755	-0.494456	-0.440751	-0.377739	-0.310419	-0.244163	-0.190815	-0.156061	-0.123936	-0.0834251	-0.0413183	0	
0	0.0173499	0.0488032	0.105588	0.180214	0.27192	0.367447	0.45717	0.530849	0.57144	0.581184	0.541748	0.458254	0.32361	0.15644	-0.0152667	-0.159679	-0.239773	-0.240543	-0.154726	0.0099687	0.24824	0.546883	0.880485	1.21084	1.50633	1.74222	1.90358	1.97596	1.97141	1.90528	1.78202	1.60497	1.37577	1.10648	0.808073	0.489475	0.17393	-0.101369	-0.312767	-0.435547	-0.459543	-0.397303	-0.255984	-0.0455494	0.202007	0.446283	0.665655	0.832322	0.922518	0.934386	0.906602	0.859083	0.79885	0.735667	0.676594	0.617626	0.568744	0.53666	0.523803	0.517413	0.514518	0.510133	0.504781	0.485559	0.452537	0.414955	0.378766	0.364111	0.35857	0.350045	0.323863	0.285738	0.244656	0.205429	0.178118	0.144629	0.0975865	0.0381527	-0.0320581	-0.110415	-0.200909	-0.298178	-0.391204	-0.468531	-0.516067	-0.527397	-0.505696	-0.454182	-0.379262	-0.296636	-0.221908	-0.149832	-0.0821823	-0.0433357	-0.0270895	-0.0125825	-0.00218816	0.00120559	0	
0	0.0164368	0.0464011	0.0968961	0.162928	0.241064	0.320139	0.395414	0.45183	0.479037	0.46757	0.405659	0.300382	0.150112	-0.0157585	-0.179039	-0.305856	-0.366203	-0.347982	-0.240758	-0.060181	0.188813	0.492194	0.818542	1.13295	1.40212	1.60864	1.73974	1.78363	1.75348	1.67055	1.54576	1.37577	1.15728	0.90551	0.627117	0.330751	0.0446346	-0.204608	-0.391833	-0.490549	-0.503642	-0.443032	-0.310555	-0.118094	0.115218	0.354206	0.573115	0.748519	0.851878	0.874394	0.855662	0.821134	0.775948	0.730496	0.687571	0.638987	0.589079	0.553428	0.536451	0.529786	0.528854	0.527695	0.526454	0.511416	0.484968	0.450576	0.424555	0.414675	0.410819	0.405797	0.379856	0.340511	0.291556	0.248764	0.214343	0.17415	0.125862	0.0586303	-0.0201231	-0.109104	-0.207693	-0.30569	-0.394524	-0.461582	-0.493991	-0.483979	-0.436979	-0.356106	-0.251484	-0.153416	-0.0762158	-0.00263226	0.0626259	0.0954158	0.105879	0.101497	0.0820125	0.0514736	0	
0	0.0137423	0.0386638	0.077196	0.128633	0.185808	0.245049	0.298893	0.336874	0.346204	0.314228	0.231677	0.104586	-0.0565417	-0.221894	-0.372429	-0.479756	-0.521975	-0.485905	-0.364151	-0.175472	0.0781062	0.374023	0.688004	0.97828	1.21678	1.39147	1.49542	1.51747	1.47182	1.38253	1.26271	1.10648	0.90551	0.67026	0.412548	0.144109	-0.11386	-0.332139	-0.489825	-0.568649	-0.575589	-0.515327	-0.400044	-0.229798	-0.0117922	0.217644	0.429402	0.606179	0.719926	0.760614	0.764335	0.752086	0.735295	0.712872	0.680888	0.632102	0.579241	0.537513	0.51408	0.509748	0.519639	0.532465	0.542422	0.537719	0.518119	0.488942	0.467318	0.457983	0.454363	0.450152	0.429643	0.393472	0.344062	0.29828	0.255769	0.208922	0.151403	0.0730264	-0.0153702	-0.107247	-0.20016	-0.288623	-0.357486	-0.397255	-0.406653	-0.384849	-0.329403	-0.235935	-0.124759	-0.0233788	0.0568622	0.130445	0.196056	0.222897	0.223309	0.208294	0.163027	0.0920324	0	
0	0.0117028	0.0284594	0.0540512	0.0837531	0.118548	0.152197	0.182858	0.198109	0.186771	0.133121	0.0295396	-0.118138	-0.290007	-0.454668	-0.590822	-0.677908	-0.699994	-0.647811	-0.514715	-0.322229	-0.0729447	0.208469	0.499502	0.758328	0.960431	1.1001	1.17945	1.18767	1.13778	1.05188	0.943951	0.808073	0.627117	0.412548	0.179742	-0.0613884	-0.286376	-0.475016	-0.61181	-0.678552	-0.684292	-0.633206	-0.533859	-0.381985	-0.183455	0.0313444	0.234519	0.412115	0.534674	0.597557	0.626533	0.645224	0.658142	0.655851	0.634483	0.591302	0.537718	0.485593	0.455417	0.453073	0.472841	0.500407	0.529503	0.543467	0.535749	0.512246	0.488936	0.473627	0.46839	0.466923	0.457629	0.437484	0.396874	0.349251	0.294843	0.233084	0.163656	0.076695	-0.0172661	-0.105487	-0.181876	-0.246082	-0.28683	-0.293883	-0.272316	-0.235611	-0.180429	-0.092821	0.0128213	0.108936	0.18115	0.249843	0.312093	0.331247	0.319597	0.28378	0.21315	0.118335	0	
0	0.0130521	0.02649	0.036756	0.0470194	0.0556157	0.0638884	0.0690003	0.0589145	0.0251085	-0.0511392	-0.174071	-0.339419	-0.51958	-0.682559	-0.802892	-0.869732	-0.873058	-0.807489	-0.671976	-0.482803	-0.24927	0.00776368	0.268013	0.491204	0.654914	0.7644	0.82101	0.824388	0.777262	0.698263	0.604426	0.489475	0.330751	0.144109	-0.0613884	-0.268946	-0.460265	-0.624032	-0.745157	-0.808446	-0.824722	-0.785304	-0.704409	-0.573651	-0.393798	-0.191192	0.0052113	0.183633	0.318583	0.40924	0.467232	0.507633	0.536122	0.550817	0.541242	0.505015	0.452336	0.400256	0.365075	0.35807	0.379202	0.418944	0.469536	0.501153	0.508818	0.495765	0.474068	0.456614	0.45293	0.455365	0.456555	0.452482	0.422473	0.372896	0.308745	0.234437	0.153013	0.0667016	-0.0184958	-0.0927783	-0.147145	-0.186288	-0.194929	-0.166645	-0.117526	-0.0616809	-5.70578e-05	0.0769509	0.163989	0.243999	0.306265	0.363568	0.40863	0.412069	0.381488	0.322799	0.232929	0.123702	0	
0	0.019079	0.0311827	0.0300329	0.020834	0.00585044	-0.00970637	-0.0281131	-0.0622545	-0.116235	-0.213451	-0.349635	-0.527795	-0.712553	-0.870363	-0.978134	-1.02411	-1.01335	-0.940374	-0.80975	-0.63423	-0.42681	-0.20072	0.0219079	0.208191	0.340312	0.419944	0.463916	0.465852	0.425024	0.354802	0.274188	0.17393	0.0446346	-0.11386	-0.286376	-0.460265	-0.621062	-0.769955	-0.881501	-0.953101	-0.978584	-0.954268	-0.89068	-0.782459	-0.62745	-0.446295	-0.25316	-0.0650784	0.0910935	0.210842	0.290009	0.342295	0.381073	0.40437	0.401505	0.373209	0.331426	0.282539	0.243543	0.235462	0.257187	0.30517	0.362753	0.403505	0.421037	0.421751	0.411082	0.401311	0.40778	0.410203	0.411739	0.413528	0.38863	0.339785	0.27736	0.205006	0.125147	0.0474323	-0.0247379	-0.0770048	-0.10434	-0.115846	-0.0933129	-0.0338053	0.0457039	0.121381	0.187389	0.25942	0.328568	0.383201	0.424452	0.457574	0.478809	0.467556	0.416028	0.334509	0.23208	0.117088	0	
0	0.0329416	0.0490413	0.0448096	0.0189736	-0.0127862	-0.0485327	-0.0875627	-0.139299	-0.215369	-0.323773	-0.472215	-0.65298	-0.83675	-0.988588	-1.0812	-1.11163	-1.09012	-1.01611	-0.900142	-0.748873	-0.574685	-0.38948	-0.205994	-0.0542657	0.0471533	0.10704	0.139128	0.14065	0.109002	0.0483677	-0.022938	-0.101369	-0.204608	-0.332139	-0.475016	-0.624032	-0.769955	-0.907054	-1.01636	-1.0932	-1.12576	-1.11663	-1.07565	-0.994501	-0.865568	-0.699632	-0.5037	-0.305493	-0.130919	0.00814221	0.104132	0.169249	0.213564	0.241632	0.245961	0.225144	0.186518	0.138699	0.104674	0.0967147	0.116975	0.161477	0.218806	0.258457	0.279151	0.294539	0.297106	0.305333	0.321939	0.323022	0.317105	0.312997	0.290762	0.244738	0.19294	0.133859	0.0670367	0.00750485	-0.0445507	-0.0742118	-0.0719359	-0.0459073	0.010141	0.0984353	0.202648	0.294602	0.367012	0.428863	0.481136	0.518513	0.532652	0.530844	0.519517	0.485762	0.421173	0.333844	0.228901	0.112138	0	
0	0.0527812	0.0825881	0.0788794	0.0469536	0.00193681	-0.0469248	-0.100009	-0.166575	-0.255675	-0.372091	-0.522433	-0.696068	-0.871759	-1.0104	-1.08831	-1.10624	-1.07608	-1.01032	-0.915949	-0.796914	-0.667143	-0.523865	-0.382632	-0.263552	-0.183673	-0.139483	-0.116494	-0.111751	-0.137805	-0.189406	-0.249056	-0.312767	-0.391833	-0.489825	-0.61181	-0.745157	-0.881501	-1.01636	-1.13003	-1.21327	-1.25669	-1.26685	-1.24401	-1.18062	-1.0717	-0.919088	-0.722731	-0.518448	-0.335029	-0.186174	-0.0759543	1.37242e-05	0.0493733	0.0853012	0.0975722	0.0809294	0.0440064	0.0013872	-0.0332205	-0.0488363	-0.0389085	-0.00135495	0.0523376	0.0896366	0.116807	0.140075	0.151889	0.167765	0.186443	0.18624	0.172489	0.16447	0.14192	0.0984822	0.0556752	0.00791073	-0.0410389	-0.0744513	-0.0931492	-0.0872174	-0.0495794	0.0138128	0.105065	0.216608	0.332054	0.435108	0.509624	0.560513	0.602	0.625429	0.619019	0.585883	0.537407	0.480941	0.40399	0.308545	0.208505	0.103379	0	
0	0.0766771	0.124555	0.127898	0.0958855	0.043781	-0.0114886	-0.0731313	-0.146336	-0.241468	-0.356906	-0.49807	-0.6541	-0.810504	-0.929969	-0.993629	-1.00089	-0.969683	-0.918262	-0.850107	-0.772026	-0.684025	-0.58348	-0.478496	-0.383354	-0.319906	-0.287877	-0.272409	-0.27386	-0.297061	-0.339523	-0.389101	-0.435547	-0.490549	-0.568649	-0.678552	-0.808446	-0.953101	-1.0932	-1.21327	-1.30332	-1.35864	-1.38252	-1.37641	-1.32994	-1.23478	-1.08751	-0.894713	-0.693318	-0.506944	-0.356858	-0.239815	-0.155502	-0.0949824	-0.0511727	-0.030531	-0.0381095	-0.0675809	-0.108339	-0.151622	-0.182945	-0.191007	-0.165646	-0.115056	-0.0713773	-0.0360742	-0.0127502	-0.00464403	0.00428217	0.0124465	0.00595317	-0.0117333	-0.0220385	-0.0435974	-0.0849068	-0.126493	-0.167285	-0.195704	-0.196773	-0.171365	-0.118641	-0.0412373	0.0546365	0.166274	0.288542	0.411881	0.518026	0.593679	0.64513	0.680103	0.692712	0.668934	0.605479	0.523654	0.442369	0.35772	0.27118	0.184374	0.0917114	0	
0	0.10505	0.175187	0.194293	0.167174	0.116578	0.0579244	-0.00564463	-0.082177	-0.177104	-0.287137	-0.412228	-0.544193	-0.673933	-0.770943	-0.819852	-0.820163	-0.791172	-0.755896	-0.714304	-0.67469	-0.624105	-0.561096	-0.484742	-0.40997	-0.359349	-0.337074	-0.330943	-0.339126	-0.358095	-0.390757	-0.426401	-0.459543	-0.503642	-0.575589	-0.684292	-0.824722	-0.978584	-1.12576	-1.25669	-1.35864	-1.42764	-1.46877	-1.47492	-1.43195	-1.33919	-1.19953	-1.02113	-0.824677	-0.644108	-0.498521	-0.37457	-0.274338	-0.204069	-0.154646	-0.119484	-0.112807	-0.134532	-0.179135	-0.23386	-0.286447	-0.316851	-0.304842	-0.258973	-0.211047	-0.175061	-0.160127	-0.159575	-0.162843	-0.169183	-0.184987	-0.209856	-0.22642	-0.24991	-0.285137	-0.325573	-0.36337	-0.374879	-0.347684	-0.279049	-0.181416	-0.0656949	0.0603136	0.183699	0.30547	0.429553	0.54142	0.617583	0.659179	0.68836	0.695101	0.652624	0.574035	0.481517	0.383739	0.29375	0.214145	0.140923	0.0715722	0	
0	0.131258	0.225339	0.260724	0.244443	0.196621	0.139256	0.0755801	0.00131249	-0.0886436	-0.186204	-0.288971	-0.389757	-0.486266	-0.558213	-0.593521	-0.592384	-0.573023	-0.556067	-0.542801	-0.535667	-0.514232	-0.477433	-0.416219	-0.351004	-0.305977	-0.285719	-0.28909	-0.302106	-0.321273	-0.345554	-0.371621	-0.397303	-0.443032	-0.515327	-0.633206	-0.785304	-0.954268	-1.11663	-1.26685	-1.38252	-1.46877	-1.51794	-1.5261	-1.48475	-1.39702	-1.26974	-1.10904	-0.927051	-0.75363	-0.60633	-0.473984	-0.365191	-0.284403	-0.217307	-0.166052	-0.14657	-0.164885	-0.212737	-0.279078	-0.34807	-0.390897	-0.392659	-0.357905	-0.317534	-0.289544	-0.285338	-0.29276	-0.305075	-0.32615	-0.357524	-0.398461	-0.435622	-0.468127	-0.495904	-0.527475	-0.549813	-0.543609	-0.494791	-0.394831	-0.263735	-0.116564	0.0263294	0.151892	0.266751	0.37664	0.482072	0.561681	0.601126	0.619014	0.614769	0.566464	0.487714	0.397174	0.299186	0.211378	0.139284	0.0818247	0.0397754	0	
