0	0	0	0	0	0	0	0	0	0	0	0	0	0	0	0	0	0	0	0	0	0	0	0	0	0	0	0	0	0	0	0	0	0	0	0	0	0	0	0	0	0	0	0	0	0	0	0	0	0	0	0	0	0	0	0	0	0	0	0	0	0	0	0	0	0	0	0	0	0	0	0	0	0	0	0	0	0	0	0	0	0	0	0	0	0	0	0	0	0	0	0	0	0	0	0	0	0	0	0	
0	-0.00273994	-0.00334821	-0.00494117	0.000202297	0.00592223	-0.00196873	-0.000333392	0.00324086	0.000990531	0.00155205	-0.00460399	0.00253767	-0.00176641	-0.00523962	0.00175939	-0.00347519	-0.00633626	0.000773935	-0.0016584	-0.000181571	-0.00710055	0.000683038	0.00209798	0.00016955	-0.00712712	-0.00258955	0.00581617	0.000957747	-0.00441758	-0.00775485	-0.00291984	0.00268216	0.00738005	-0.00431497	-0.014915	-0.0180776	-0.00420692	0.00293008	0.010274	0.00451422	-0.012373	-0.0410648	-0.0663532	-0.0735747	-0.066563	-0.0508725	-0.0182331	0.0193234	0.071869	0.107313	0.132175	0.141712	0.141228	0.132814	0.108614	0.0690787	0.0165833	-0.0313581	-0.0685491	-0.0859817	-0.0874733	-0.0737357	-0.0565672	-0.046073	-0.0274441	-0.011717	-0.00825458	-0.00691292	-0.00264534	-0.000689271	-0.00720795	-0.0114063	-0.0165553	-0.0333578	-0.0484687	-0.0621709	-0.0817394	-0.0915558	-0.0812082	-0.0518652	-0.00851655	0.0382076	0.0854846	0.12647	0.142626	0.137967	0.133522	0.126628	0.101349	0.0570081	0.00474142	-0.0385197	-0.0574691	-0.0566423	-0.0523007	-0.0454579	-0.0290238	-0.0106247	0	
0	-0.00334821	0.0119146	0.00194689	-0.00530947	0.00349781	-0.00645973	-0.00438042	0.00387134	-0.00750243	-0.00191219	0.00286348	0.00204946	-0.00387382	-0.00202615	0.00799173	0.00124338	-0.00748633	0.00515423	0.00174091	-0.00171921	-0.0078766	-0.00123851	0.00418965	-0.00290313	-0.0149439	-0.00592395	0.00531783	-0.000264234	-0.0140248	-0.015357	-0.0107763	0.00402307	0.00746687	-0.00971066	-0.0326758	-0.0332813	-0.0102103	0.00690324	0.0195711	0.00886399	-0.0231287	-0.0787176	-0.125495	-0.138147	-0.127447	-0.0904915	-0.0345442	0.045809	0.140375	0.209907	0.257939	0.275072	0.275321	0.261981	0.216413	0.136859	0.0424164	-0.0592312	-0.137973	-0.167921	-0.178474	-0.155733	-0.113789	-0.083287	-0.0497978	-0.0293513	-0.0200912	-0.00843194	-0.00336289	-0.00699672	-0.016086	-0.0191856	-0.0317182	-0.0676997	-0.0980791	-0.124051	-0.160814	-0.180645	-0.161533	-0.103922	-0.0183219	0.0751843	0.169336	0.249113	0.281805	0.275651	0.267431	0.252062	0.201393	0.114273	0.012042	-0.0724386	-0.110758	-0.111658	-0.1046	-0.0912875	-0.0593023	-0.0228934	0	
0	-0.00494117	0.00194689	-0.000130023	-0.00629926	0.00314099	0.00251536	-0.00226445	0.00509658	-0.00310914	-0.00347098	-0.00285775	0.000796862	-0.00392119	-0.00554553	0.00203748	-0.00481956	-0.00841598	0.000104	0.00115912	-0.00657216	-0.00702081	-0.00363885	0.006378	-0.00524185	-0.0147963	-0.00592808	0.00867935	-0.000584665	-0.0153885	-0.0179464	-0.0107657	0.00742387	0.00878449	-0.0128622	-0.0450591	-0.0410101	-0.0154332	0.011886	0.0227979	0.00706067	-0.0429239	-0.123096	-0.186725	-0.207875	-0.188941	-0.133784	-0.0485375	0.0738228	0.211007	0.315979	0.388733	0.413763	0.414896	0.39033	0.315572	0.199165	0.053115	-0.0940469	-0.202852	-0.253194	-0.260201	-0.224758	-0.169059	-0.121935	-0.0787767	-0.0471434	-0.0272032	-0.0147459	-0.00749497	-0.00688415	-0.0204245	-0.0329507	-0.0528575	-0.0972279	-0.142291	-0.187501	-0.239928	-0.264886	-0.237357	-0.1558	-0.0314677	0.10939	0.249888	0.364439	0.414528	0.412564	0.401693	0.37509	0.298943	0.172118	0.0245029	-0.0973977	-0.156139	-0.163581	-0.156679	-0.137524	-0.0916767	-0.0380733	0	
0	0.000202297	-0.00530947	-0.00629926	0.00471965	0.00235446	-0.00268408	-0.00261318	-0.00252617	0.0019612	0.000172735	-0.000429202	-0.000166945	-0.00613254	-0.00343908	0.00200677	-0.00695969	-0.00582933	-0.00246842	-0.00144666	-0.00694928	-0.00876361	-0.003292	0.000312167	-0.00720631	-0.016645	-0.00659214	0.00421424	-0.00604691	-0.0181075	-0.0230369	-0.0106818	0.00218761	0.00576018	-0.0245336	-0.0518962	-0.0502211	-0.0181709	0.0114099	0.0211757	-0.00111586	-0.0690975	-0.164662	-0.241009	-0.268387	-0.236843	-0.168195	-0.0480126	0.110526	0.280995	0.424075	0.509003	0.546599	0.547791	0.503881	0.40706	0.254177	0.0588759	-0.124074	-0.259693	-0.332342	-0.335748	-0.290406	-0.229787	-0.168416	-0.105393	-0.0579048	-0.0326931	-0.0191323	-0.0130032	-0.0149977	-0.0251454	-0.0408329	-0.0737011	-0.128012	-0.186261	-0.249761	-0.314289	-0.342934	-0.309302	-0.207465	-0.0475433	0.139951	0.324253	0.469011	0.538811	0.548023	0.535494	0.494436	0.393055	0.231027	0.0447334	-0.109597	-0.190715	-0.21116	-0.207896	-0.183609	-0.126226	-0.0567102	0	
0	0.00592223	0.00349781	0.00314099	0.00235446	-0.00882716	-0.00426443	0.00280882	-0.00550703	-0.00137981	-0.00418518	-0.00353502	-0.001529	-0.00142602	0.000405521	-0.00212307	-0.00411215	-7.07184e-05	-0.002877	-0.00391227	-0.00573368	-0.0064798	-0.00371397	-0.00618085	-0.00880156	-0.0147178	-0.00676635	-0.0042044	-0.0110301	-0.0205073	-0.0234018	-0.0119879	-0.00361504	-0.00414428	-0.0341468	-0.0551092	-0.0522883	-0.0197862	0.00948516	0.0151045	-0.016472	-0.0989222	-0.203517	-0.287834	-0.316009	-0.276835	-0.188371	-0.0392691	0.152621	0.351489	0.522925	0.622952	0.672234	0.670375	0.611833	0.492453	0.301441	0.0688469	-0.151144	-0.320349	-0.408848	-0.411732	-0.362719	-0.283449	-0.194743	-0.125975	-0.0807737	-0.0470892	-0.0238775	-0.0159403	-0.0175275	-0.0281471	-0.0553747	-0.0972335	-0.153658	-0.228172	-0.311951	-0.383195	-0.413511	-0.376658	-0.258055	-0.0657328	0.16557	0.389035	0.560293	0.653617	0.680679	0.667098	0.60888	0.483173	0.291722	0.0751641	-0.106205	-0.212637	-0.253224	-0.256992	-0.228267	-0.162037	-0.0783594	0	
0	-0.00196873	-0.00645973	0.00251536	-0.00268408	-0.00426443	0.00470312	0.00309898	-0.00605333	-0.00116886	0.000215351	-0.00617568	-0.00389584	-0.000997866	-0.00499251	-0.0108396	-0.00284318	-0.00200002	-0.00904337	-0.00842367	-0.00478698	-0.00409792	-0.00724714	-0.0102855	-0.00924042	-0.00686413	-0.00769039	-0.0107805	-0.0133419	-0.0180589	-0.0176547	-0.0123449	-0.00780634	-0.0177522	-0.0375352	-0.0537908	-0.0468378	-0.0217931	0.00315017	0.00064986	-0.0451163	-0.136722	-0.246557	-0.333012	-0.357934	-0.312983	-0.199149	-0.0216107	0.199158	0.429315	0.619527	0.74085	0.799338	0.787443	0.71254	0.560641	0.330848	0.0652614	-0.184485	-0.375874	-0.47279	-0.472668	-0.422733	-0.333916	-0.231013	-0.158091	-0.0999125	-0.0508677	-0.027417	-0.0226055	-0.0223235	-0.0339668	-0.0700155	-0.117256	-0.17851	-0.270851	-0.37055	-0.445376	-0.477576	-0.438401	-0.305501	-0.0851513	0.184398	0.441108	0.637043	0.758381	0.8082	0.793995	0.71741	0.569265	0.355196	0.117693	-0.0857988	-0.221109	-0.288399	-0.301962	-0.269524	-0.197141	-0.101456	0	
0	-0.000333392	-0.00438042	-0.00226445	-0.00261318	0.00280882	0.00309898	-0.0061852	-0.00642546	0.00183664	0.000317368	-0.00428046	-0.00613335	-0.000567752	-0.00553866	-0.00999839	3.42979e-05	-0.00376901	-0.0115485	-0.00891443	-0.00380495	-0.00495277	-0.011342	-0.0165376	-0.00877148	-0.00419654	-0.0127528	-0.0214971	-0.0175889	-0.0168661	-0.0157304	-0.0158997	-0.0209872	-0.0332716	-0.0436404	-0.0479769	-0.0428359	-0.0255473	-0.0101006	-0.0240981	-0.0815042	-0.178812	-0.284141	-0.365973	-0.385832	-0.329233	-0.192252	0.0109146	0.257738	0.503503	0.713256	0.848358	0.910598	0.893284	0.795328	0.613465	0.355174	0.0604532	-0.216493	-0.421687	-0.528556	-0.536027	-0.476733	-0.377007	-0.273819	-0.188382	-0.109148	-0.0573868	-0.0371667	-0.0287654	-0.0278079	-0.0410156	-0.080797	-0.136092	-0.207997	-0.312822	-0.42129	-0.500599	-0.536174	-0.494016	-0.348073	-0.104447	0.195012	0.478076	0.698996	0.852461	0.927322	0.913216	0.819317	0.651908	0.422644	0.173195	-0.0487134	-0.216145	-0.31475	-0.340009	-0.304825	-0.228611	-0.123391	0	
0	0.00324086	0.00387134	0.00509658	-0.00252617	-0.00550703	-0.00605333	-0.00642546	-0.000435309	0.000712317	-0.00529028	-0.00675763	-0.0031181	0.00239132	-0.00350248	-0.0106647	0.000957086	-0.00420591	-0.0124831	-0.0078581	-0.00612966	-0.00552993	-0.0162413	-0.0196831	-0.00786383	-0.00434856	-0.0196435	-0.0304162	-0.0198893	-0.0155612	-0.0146385	-0.0233505	-0.0361694	-0.0489871	-0.0449679	-0.0409224	-0.0375181	-0.0331985	-0.0301391	-0.058184	-0.126673	-0.220957	-0.318347	-0.387121	-0.400282	-0.328741	-0.168194	0.0560321	0.322684	0.579231	0.800889	0.949249	1.01127	0.98299	0.863515	0.649987	0.368767	0.0539854	-0.243915	-0.4597	-0.578762	-0.594932	-0.53035	-0.423046	-0.305467	-0.203819	-0.124873	-0.0763879	-0.0480419	-0.0305813	-0.0288932	-0.0487704	-0.0963035	-0.156523	-0.23517	-0.350501	-0.467499	-0.551107	-0.587834	-0.541632	-0.384368	-0.123159	0.196047	0.499283	0.74708	0.934524	1.03387	1.02174	0.914343	0.732294	0.495175	0.241019	0.00292301	-0.198129	-0.329531	-0.367623	-0.331184	-0.252845	-0.140853	0	
0	0.000990531	-0.00750243	-0.00310914	0.0019612	-0.00137981	-0.00116886	0.00183664	0.000712317	-0.0079139	-0.00795955	-0.00291178	-0.00230355	-0.00769275	-0.0111677	-0.00765368	-0.00171342	-0.00890836	-0.0123306	-0.00734887	-0.00515004	-0.00715137	-0.0170615	-0.0166131	-0.00456331	-0.0044551	-0.0241594	-0.0306944	-0.0175421	-0.0103255	-0.0128961	-0.029674	-0.0479151	-0.0561323	-0.0387447	-0.0288006	-0.0315369	-0.0413758	-0.0568404	-0.0993208	-0.176715	-0.263404	-0.346679	-0.402152	-0.402584	-0.315741	-0.134397	0.110643	0.386025	0.655308	0.884471	1.04401	1.1063	1.0637	0.916461	0.675669	0.369445	0.0333484	-0.271457	-0.497374	-0.622877	-0.635106	-0.568141	-0.463329	-0.341896	-0.229352	-0.145593	-0.0902047	-0.0489703	-0.0294289	-0.0394661	-0.0650632	-0.106042	-0.170281	-0.26563	-0.388605	-0.506677	-0.595037	-0.633406	-0.580762	-0.412663	-0.141394	0.186799	0.506354	0.782709	1.00202	1.12334	1.11705	1.00269	0.811945	0.573302	0.318716	0.0656028	-0.167317	-0.329223	-0.380782	-0.345299	-0.265987	-0.15042	0	
0	0.00155205	-0.00191219	-0.00347098	0.000172735	-0.00418518	0.000215351	0.000317368	-0.00529028	-0.00795955	-0.000676214	0.000910821	-0.0104157	-0.00903415	-0.00503554	-0.00239629	-0.0115522	-0.0114511	-0.00936659	-0.00835475	-0.0105472	-0.013309	-0.0193051	-0.0140512	-0.00950918	-0.0123289	-0.0314043	-0.0299933	-0.0199187	-0.0107176	-0.020795	-0.0414643	-0.0628018	-0.0604603	-0.0351682	-0.023215	-0.0340118	-0.0617416	-0.0943089	-0.154274	-0.228943	-0.305667	-0.366342	-0.404203	-0.386572	-0.279817	-0.0800513	0.17858	0.459778	0.731306	0.964396	1.12837	1.18087	1.1231	0.947063	0.683222	0.361367	0.0171221	-0.292614	-0.525597	-0.654187	-0.675354	-0.609445	-0.498088	-0.371508	-0.254344	-0.165484	-0.0981437	-0.0529706	-0.0409162	-0.0511942	-0.0693403	-0.111521	-0.193254	-0.300307	-0.41824	-0.538306	-0.636376	-0.672513	-0.609082	-0.433163	-0.160453	0.168977	0.503039	0.806378	1.05134	1.19201	1.19759	1.08475	0.89211	0.656354	0.402237	0.135312	-0.123466	-0.309928	-0.375248	-0.343625	-0.264448	-0.149309	0	
0	-0.00460399	0.00286348	-0.00285775	-0.000429202	-0.00353502	-0.00617568	-0.00428046	-0.00675763	-0.00291178	0.000910821	-0.000600358	-0.011674	-0.00433655	0.00123883	-0.00841892	-0.0146764	-0.00953642	-0.00543649	-0.0129755	-0.0168989	-0.017281	-0.0171255	-0.0133748	-0.0179157	-0.0236764	-0.0319573	-0.0294471	-0.0214664	-0.018202	-0.0310551	-0.0563645	-0.0709266	-0.0604713	-0.0312141	-0.0232053	-0.0441795	-0.0891421	-0.142233	-0.21176	-0.281025	-0.338979	-0.376568	-0.392127	-0.351024	-0.226129	-0.00944039	0.25388	0.536821	0.806052	1.03977	1.19936	1.24218	1.15993	0.959452	0.676721	0.340269	0.00112058	-0.310712	-0.544196	-0.673403	-0.706062	-0.644344	-0.535778	-0.403844	-0.276101	-0.180743	-0.106422	-0.0629897	-0.0517411	-0.055137	-0.0746109	-0.12703	-0.217897	-0.324993	-0.442114	-0.572135	-0.674608	-0.700089	-0.626567	-0.448797	-0.180485	0.146799	0.493237	0.81718	1.07922	1.23795	1.26264	1.16062	0.972971	0.742037	0.48671	0.208664	-0.0657724	-0.268075	-0.346939	-0.32249	-0.245447	-0.13608	0	
0	0.00253767	0.00204946	0.000796862	-0.000166945	-0.001529	-0.00389584	-0.00613335	-0.0031181	-0.00230355	-0.0104157	-0.011674	-0.00989189	-0.00550389	-0.00414708	-0.0130018	-0.0124919	-0.004312	-0.00409743	-0.0146687	-0.0157999	-0.0134902	-0.0080771	-0.0122098	-0.0233717	-0.0265369	-0.0229252	-0.0232426	-0.0211832	-0.0242258	-0.0395667	-0.0623377	-0.0670937	-0.0498385	-0.0256865	-0.0238392	-0.0582555	-0.118962	-0.192239	-0.264327	-0.322635	-0.359462	-0.372496	-0.363767	-0.29805	-0.155967	0.0668892	0.331425	0.606842	0.873017	1.10221	1.25333	1.2843	1.18047	0.960683	0.663574	0.324312	-0.0161351	-0.32553	-0.559567	-0.698475	-0.732434	-0.672039	-0.562613	-0.427308	-0.299184	-0.195477	-0.120231	-0.0801384	-0.0556727	-0.0542762	-0.0865661	-0.145449	-0.236224	-0.345693	-0.469162	-0.605155	-0.702957	-0.717262	-0.637761	-0.46088	-0.198901	0.125025	0.479344	0.813458	1.0841	1.26141	1.31214	1.2295	1.05277	0.82643	0.567731	0.28392	0.00681968	-0.201217	-0.292358	-0.278385	-0.207476	-0.111034	0	
0	-0.00176641	-0.00387382	-0.00392119	-0.00613254	-0.00142602	-0.000997866	-0.000567752	0.00239132	-0.00769275	-0.00903415	-0.00433655	-0.00550389	-0.00917502	-0.00860684	-0.0152991	-0.0155595	-0.00731493	-0.0127119	-0.0221747	-0.0206217	-0.0154958	-0.00998007	-0.0222252	-0.0351092	-0.0288542	-0.0198057	-0.0234859	-0.0315477	-0.0372835	-0.0546716	-0.0663668	-0.0628117	-0.0444189	-0.0329285	-0.04111	-0.0895401	-0.166482	-0.254191	-0.321419	-0.364138	-0.37502	-0.363838	-0.321874	-0.231596	-0.0702846	0.153894	0.416587	0.68371	0.944423	1.16183	1.29867	1.30881	1.1798	0.943268	0.633196	0.296662	-0.0359273	-0.336815	-0.56747	-0.706797	-0.746356	-0.695348	-0.586293	-0.453123	-0.323971	-0.215275	-0.136741	-0.0841554	-0.055513	-0.0652183	-0.101165	-0.158299	-0.251904	-0.367059	-0.497392	-0.633645	-0.722013	-0.727224	-0.644462	-0.469435	-0.212984	0.107785	0.462067	0.793748	1.06729	1.26498	1.3462	1.28896	1.12732	0.904711	0.642732	0.361428	0.095065	-0.10863	-0.20911	-0.20857	-0.150586	-0.0760853	0	
0	-0.00523962	-0.00202615	-0.00554553	-0.00343908	0.000405521	-0.00499251	-0.00553866	-0.00350248	-0.0111677	-0.00503554	0.00123883	-0.00414708	-0.00860684	-0.0134967	-0.0113122	-0.00817503	-0.00954671	-0.0183476	-0.0229224	-0.0182486	-0.0143008	-0.0158585	-0.0318799	-0.0402592	-0.0264842	-0.01834	-0.0293199	-0.0445117	-0.053668	-0.065187	-0.064583	-0.0541361	-0.0443594	-0.0474615	-0.0688445	-0.128994	-0.219956	-0.310926	-0.367268	-0.387252	-0.373572	-0.332235	-0.258375	-0.141024	0.0297317	0.251429	0.502844	0.759704	1.00689	1.20565	1.32157	1.30601	1.15857	0.907732	0.598041	0.26889	-0.0504677	-0.337259	-0.567421	-0.705914	-0.755789	-0.716815	-0.611607	-0.483401	-0.346863	-0.229528	-0.145788	-0.0877733	-0.064334	-0.0773197	-0.112597	-0.171789	-0.264839	-0.38723	-0.527527	-0.65658	-0.731905	-0.732813	-0.649003	-0.473533	-0.21871	0.0970287	0.439453	0.75856	1.03402	1.2527	1.36401	1.33459	1.19051	0.972447	0.711783	0.443247	0.198909	0.00850963	-0.0965519	-0.111995	-0.0763849	-0.0340621	0	
0	0.00175939	0.00799173	0.00203748	0.00200677	-0.00212307	-0.0108396	-0.00999839	-0.0106647	-0.00765368	-0.00239629	-0.00841892	-0.0130018	-0.0152991	-0.0113122	-0.000799204	-0.00745365	-0.0177655	-0.0171411	-0.014085	-0.0117084	-0.0148816	-0.0215468	-0.0339695	-0.0342645	-0.0199172	-0.0186869	-0.0357362	-0.0557341	-0.0641843	-0.0650512	-0.0530795	-0.043716	-0.0487797	-0.0683204	-0.10349	-0.174575	-0.272612	-0.35745	-0.396699	-0.392536	-0.353768	-0.280976	-0.175392	-0.0371498	0.137609	0.347237	0.585806	0.826143	1.05489	1.23013	1.31886	1.28209	1.12126	0.867333	0.565214	0.250456	-0.0560319	-0.334339	-0.562412	-0.710542	-0.769951	-0.73478	-0.634305	-0.502915	-0.36078	-0.24205	-0.154362	-0.101279	-0.0819931	-0.084877	-0.116582	-0.17964	-0.279891	-0.416589	-0.554734	-0.665918	-0.73697	-0.740681	-0.651036	-0.468657	-0.213843	0.0895887	0.409286	0.713224	0.992281	1.22774	1.36346	1.36082	1.23579	1.02685	0.777343	0.532082	0.317291	0.147341	0.0434638	0.00968705	0.0122437	0.0123416	0	
0	-0.00347519	0.00124338	-0.00481956	-0.00695969	-0.00411215	-0.00284318	3.42979e-05	0.000957086	-0.00171342	-0.0115522	-0.0146764	-0.0124919	-0.0155595	-0.00817503	-0.00745365	-0.0257063	-0.0269524	-0.0152567	-0.0135854	-0.0193849	-0.0263267	-0.0303936	-0.0342545	-0.0270919	-0.021936	-0.0262385	-0.0471322	-0.0662709	-0.0695412	-0.058152	-0.0408753	-0.042875	-0.0647697	-0.103027	-0.150954	-0.232173	-0.327142	-0.39899	-0.41698	-0.389909	-0.323962	-0.219627	-0.0836426	0.0698221	0.243666	0.441058	0.664778	0.89106	1.09556	1.24564	1.30386	1.24703	1.07547	0.821206	0.528412	0.225555	-0.0657863	-0.33408	-0.558523	-0.706862	-0.771297	-0.744104	-0.646748	-0.517039	-0.380371	-0.263022	-0.173785	-0.115002	-0.0828182	-0.0831389	-0.125042	-0.19612	-0.303658	-0.440051	-0.564766	-0.672401	-0.750472	-0.747532	-0.64286	-0.45348	-0.203186	0.0802546	0.374304	0.667174	0.94872	1.19111	1.34222	1.3625	1.2579	1.06751	0.843002	0.629921	0.448284	0.303708	0.205961	0.151451	0.111592	0.0614822	0	
0	-0.00633626	-0.00748633	-0.00841598	-0.00582933	-7.07184e-05	-0.00200002	-0.00376901	-0.00420591	-0.00890836	-0.0114511	-0.00953642	-0.004312	-0.00731493	-0.00954671	-0.0177655	-0.0269524	-0.01675	-0.0106899	-0.0191463	-0.0276973	-0.0347395	-0.0349858	-0.0291695	-0.0268904	-0.0331195	-0.0432891	-0.0616575	-0.0770081	-0.0715405	-0.0513243	-0.040139	-0.0572285	-0.0980613	-0.150411	-0.2119	-0.292697	-0.375063	-0.424214	-0.418653	-0.366252	-0.269795	-0.133006	0.027908	0.191138	0.357194	0.539827	0.745638	0.947641	1.12387	1.23653	1.26454	1.1894	1.01215	0.767043	0.489116	0.204529	-0.0703513	-0.323758	-0.543974	-0.695289	-0.76414	-0.751071	-0.665152	-0.541173	-0.405033	-0.278751	-0.181319	-0.117347	-0.0853025	-0.0925548	-0.139589	-0.214328	-0.320633	-0.448207	-0.573774	-0.691315	-0.763853	-0.742245	-0.625951	-0.434236	-0.192429	0.0683217	0.342074	0.628703	0.905951	1.14277	1.29918	1.33628	1.25471	1.09641	0.911549	0.736835	0.589353	0.472406	0.382676	0.305015	0.217537	0.11301	0	
0	0.000773935	0.00515423	0.000104	-0.00246842	-0.002877	-0.00904337	-0.0115485	-0.0124831	-0.0123306	-0.00936659	-0.00543649	-0.00409743	-0.0127119	-0.0183476	-0.0171411	-0.0152567	-0.0106899	-0.0158924	-0.0237403	-0.0308867	-0.038062	-0.029015	-0.022501	-0.0303314	-0.048078	-0.056236	-0.0688805	-0.0767043	-0.0625583	-0.0442538	-0.04612	-0.0828438	-0.136964	-0.205357	-0.272151	-0.34614	-0.403921	-0.428817	-0.398597	-0.320052	-0.192765	-0.0282018	0.14969	0.312308	0.468607	0.631583	0.81581	0.989017	1.12689	1.20418	1.202	1.11515	0.943477	0.713941	0.456934	0.195352	-0.062541	-0.307657	-0.525498	-0.684924	-0.768411	-0.763781	-0.680199	-0.557976	-0.418801	-0.2882	-0.188412	-0.123405	-0.0963254	-0.106562	-0.151309	-0.22431	-0.32657	-0.457585	-0.596047	-0.71055	-0.763577	-0.729335	-0.60789	-0.414523	-0.184246	0.0573409	0.320821	0.601161	0.863261	1.08341	1.23501	1.28224	1.22869	1.11686	0.983041	0.850393	0.737359	0.647068	0.562692	0.459983	0.325674	0.167134	0	
0	-0.0016584	0.00174091	0.00115912	-0.00144666	-0.00391227	-0.00842367	-0.00891443	-0.0078581	-0.00734887	-0.00835475	-0.0129755	-0.0146687	-0.0221747	-0.0229224	-0.014085	-0.0135854	-0.0191463	-0.0237403	-0.0267504	-0.0353825	-0.0329332	-0.0207294	-0.0206148	-0.0423745	-0.0601237	-0.062609	-0.0668353	-0.0657105	-0.0506115	-0.0432758	-0.0659174	-0.11668	-0.185698	-0.262327	-0.331111	-0.383437	-0.415535	-0.41254	-0.35995	-0.253366	-0.0978428	0.0861582	0.270345	0.427122	0.567881	0.712987	0.868708	1.00959	1.10947	1.15134	1.1305	1.03994	0.880292	0.670725	0.433272	0.18737	-0.0585479	-0.29589	-0.514113	-0.67628	-0.763103	-0.767943	-0.691853	-0.569297	-0.428713	-0.299076	-0.200524	-0.136873	-0.1085	-0.112443	-0.154281	-0.230049	-0.337384	-0.477486	-0.616704	-0.716521	-0.757346	-0.717324	-0.588678	-0.397112	-0.179611	0.0546163	0.315307	0.581858	0.818953	1.015	1.15257	1.20564	1.18694	1.13145	1.05392	0.965905	0.887951	0.819759	0.734011	0.605767	0.431087	0.223136	0	
0	-0.000181571	-0.00171921	-0.00657216	-0.00694928	-0.00573368	-0.00478698	-0.00380495	-0.00612966	-0.00515004	-0.0105472	-0.0168989	-0.0157999	-0.0206217	-0.0182486	-0.0117084	-0.0193849	-0.0276973	-0.0308867	-0.0353825	-0.0360672	-0.0287307	-0.0229657	-0.0390207	-0.0611487	-0.0733774	-0.0680493	-0.0642402	-0.0575096	-0.0515999	-0.0645837	-0.105247	-0.16873	-0.24644	-0.328253	-0.38346	-0.410405	-0.410369	-0.382904	-0.303167	-0.168209	0.0111592	0.207568	0.389992	0.538275	0.665418	0.787014	0.913383	1.01426	1.07367	1.08559	1.04647	0.95957	0.816082	0.626281	0.410839	0.183267	-0.0521848	-0.28207	-0.497394	-0.665684	-0.758182	-0.766755	-0.69567	-0.579291	-0.444863	-0.31564	-0.21325	-0.145694	-0.112495	-0.113819	-0.158725	-0.240362	-0.353377	-0.495114	-0.627515	-0.717796	-0.751363	-0.702985	-0.571613	-0.387282	-0.17169	0.0679965	0.321683	0.564471	0.772963	0.940662	1.05808	1.11764	1.13871	1.14024	1.11804	1.07702	1.03429	0.98075	0.885728	0.733549	0.52793	0.277918	0	
0	-0.00710055	-0.0078766	-0.00702081	-0.00876361	-0.0064798	-0.00409792	-0.00495277	-0.00552993	-0.00715137	-0.013309	-0.017281	-0.0134902	-0.0154958	-0.0143008	-0.0148816	-0.0263267	-0.0347395	-0.038062	-0.0329332	-0.0287307	-0.0268254	-0.040288	-0.0578438	-0.0723384	-0.0768137	-0.0668549	-0.0555642	-0.0532796	-0.0669337	-0.10178	-0.156066	-0.227644	-0.310605	-0.384265	-0.41828	-0.412197	-0.384712	-0.328486	-0.222347	-0.0606143	0.13438	0.331224	0.507261	0.64305	0.752939	0.848843	0.935734	0.996878	1.01762	1.00407	0.959117	0.879837	0.754991	0.588352	0.390754	0.177982	-0.043471	-0.266043	-0.478322	-0.646312	-0.746055	-0.768215	-0.706729	-0.593157	-0.458986	-0.328072	-0.222137	-0.149673	-0.114035	-0.117196	-0.16574	-0.252976	-0.369328	-0.506896	-0.632175	-0.716173	-0.743037	-0.692159	-0.564462	-0.37727	-0.148588	0.0937816	0.328918	0.545695	0.727266	0.864438	0.962402	1.03291	1.09152	1.14091	1.16905	1.17587	1.16587	1.11913	1.00994	0.837295	0.609277	0.325675	0	
0	0.000683038	-0.00123851	-0.00363885	-0.003292	-0.00371397	-0.00724714	-0.011342	-0.0162413	-0.0170615	-0.0193051	-0.0171255	-0.0080771	-0.00998007	-0.0158585	-0.0215468	-0.0303936	-0.0349858	-0.029015	-0.0207294	-0.0229657	-0.040288	-0.0577414	-0.0670845	-0.0721137	-0.0740953	-0.0584343	-0.0482563	-0.0617596	-0.100515	-0.150961	-0.214371	-0.289764	-0.368379	-0.422601	-0.426213	-0.390334	-0.332596	-0.249106	-0.113847	0.0664863	0.266373	0.457008	0.619745	0.742421	0.829175	0.89044	0.935027	0.951234	0.939102	0.908732	0.862936	0.800566	0.699685	0.556608	0.382014	0.185277	-0.028313	-0.2455	-0.458896	-0.635262	-0.741661	-0.769024	-0.713931	-0.605954	-0.472282	-0.336067	-0.225315	-0.150823	-0.116055	-0.123581	-0.177653	-0.267415	-0.379069	-0.509133	-0.631317	-0.714356	-0.741291	-0.691689	-0.556877	-0.352015	-0.113685	0.117302	0.331062	0.527138	0.683326	0.793121	0.880485	0.964094	1.04856	1.13125	1.20221	1.25247	1.26889	1.22441	1.1022	0.913271	0.667795	0.35937	0	
0	0.00209798	0.00418965	0.006378	0.000312167	-0.00618085	-0.0102855	-0.0165376	-0.0196831	-0.0166131	-0.0140512	-0.0133748	-0.0122098	-0.0222252	-0.0318799	-0.0339695	-0.0342545	-0.0291695	-0.022501	-0.0206148	-0.0390207	-0.0578438	-0.0670845	-0.065082	-0.066651	-0.0629709	-0.0474994	-0.0498445	-0.0883475	-0.145361	-0.20608	-0.273322	-0.347195	-0.408938	-0.434426	-0.408402	-0.343578	-0.259191	-0.145406	0.010033	0.199153	0.392344	0.568643	0.717613	0.820191	0.879942	0.902048	0.902091	0.88325	0.847748	0.812624	0.778605	0.735278	0.65854	0.538374	0.377701	0.192362	-0.0135481	-0.230005	-0.443405	-0.623816	-0.738709	-0.774535	-0.723191	-0.611549	-0.474162	-0.337796	-0.227072	-0.155185	-0.127017	-0.137147	-0.18662	-0.270327	-0.377589	-0.507472	-0.634539	-0.722103	-0.748018	-0.687413	-0.533145	-0.316108	-0.0840119	0.131518	0.330635	0.5092	0.643611	0.738705	0.825818	0.916423	1.01013	1.11169	1.21376	1.29489	1.3292	1.28838	1.15997	0.958477	0.697432	0.373615	0	
0	0.00016955	-0.00290313	-0.00524185	-0.00720631	-0.00880156	-0.00924042	-0.00877148	-0.00786383	-0.00456331	-0.00950918	-0.0179157	-0.0233717	-0.0351092	-0.0402592	-0.0342645	-0.0270919	-0.0268904	-0.0303314	-0.0423745	-0.0611487	-0.0723384	-0.0721137	-0.066651	-0.0621676	-0.0577487	-0.0542149	-0.0816007	-0.13917	-0.207496	-0.271477	-0.339566	-0.398659	-0.433185	-0.426104	-0.372243	-0.280998	-0.166125	-0.0276038	0.142093	0.327273	0.508134	0.669529	0.800702	0.882387	0.907355	0.888998	0.849272	0.801524	0.755027	0.724225	0.704615	0.683871	0.628819	0.525059	0.378367	0.198257	-0.00653244	-0.22139	-0.436801	-0.61902	-0.732584	-0.767504	-0.717534	-0.610255	-0.477587	-0.344632	-0.238853	-0.169298	-0.136209	-0.138773	-0.18304	-0.265502	-0.376439	-0.51443	-0.648471	-0.733742	-0.74592	-0.666575	-0.500939	-0.287344	-0.0659169	0.14039	0.328049	0.491719	0.617583	0.714067	0.802598	0.888016	0.977357	1.08437	1.19886	1.29185	1.33667	1.30555	1.17978	0.969384	0.69553	0.367395	0	
0	-0.00712712	-0.0149439	-0.0147963	-0.016645	-0.0147178	-0.00686413	-0.00419654	-0.00434856	-0.0044551	-0.0123289	-0.0236764	-0.0265369	-0.0288542	-0.0264842	-0.0199172	-0.021936	-0.0331195	-0.048078	-0.0601237	-0.0733774	-0.0768137	-0.0740953	-0.0629709	-0.0577487	-0.0650102	-0.0879746	-0.135991	-0.20471	-0.276125	-0.341847	-0.398245	-0.431521	-0.431529	-0.394428	-0.314617	-0.194187	-0.0515605	0.10726	0.277475	0.453213	0.618203	0.76351	0.875696	0.927492	0.915854	0.855991	0.782648	0.716583	0.6663	0.644048	0.640766	0.636227	0.59748	0.507729	0.368547	0.197458	0.000236985	-0.209574	-0.418738	-0.600328	-0.717913	-0.759777	-0.718159	-0.616303	-0.489137	-0.359403	-0.249147	-0.172065	-0.133239	-0.131305	-0.175398	-0.266099	-0.387953	-0.530373	-0.659447	-0.731736	-0.728555	-0.640457	-0.476623	-0.269999	-0.0546612	0.144215	0.322163	0.4835	0.618542	0.722452	0.804815	0.875831	0.952514	1.04881	1.15159	1.23744	1.28817	1.27209	1.15564	0.942255	0.664012	0.344682	0	
0	-0.00258955	-0.00592395	-0.00592808	-0.00659214	-0.00676635	-0.00769039	-0.0127528	-0.0196435	-0.0241594	-0.0314043	-0.0319573	-0.0229252	-0.0198057	-0.01834	-0.0186869	-0.0262385	-0.0432891	-0.056236	-0.062609	-0.0680493	-0.0668549	-0.0584343	-0.0474994	-0.0542149	-0.0879746	-0.133149	-0.192795	-0.263659	-0.337039	-0.393298	-0.426103	-0.424045	-0.392126	-0.327715	-0.221039	-0.0725757	0.0930629	0.256987	0.419205	0.57705	0.724569	0.848654	0.931479	0.946366	0.890525	0.792797	0.692577	0.616807	0.571104	0.563461	0.577835	0.593837	0.573323	0.498005	0.3725	0.208432	0.0163984	-0.190611	-0.401941	-0.587072	-0.711128	-0.760618	-0.725487	-0.62862	-0.499999	-0.363413	-0.247064	-0.164206	-0.122513	-0.126545	-0.181551	-0.279474	-0.400802	-0.536259	-0.655488	-0.717977	-0.708888	-0.621368	-0.461909	-0.260252	-0.0510108	0.142197	0.32292	0.499316	0.649971	0.754969	0.824659	0.878669	0.933968	0.99954	1.06877	1.13451	1.18659	1.18453	1.08063	0.875022	0.608348	0.312084	0	
0	0.00581617	0.00531783	0.00867935	0.00421424	-0.0042044	-0.0107805	-0.0214971	-0.0304162	-0.0306944	-0.0299933	-0.0294471	-0.0232426	-0.0234859	-0.0293199	-0.0357362	-0.0471322	-0.0616575	-0.0688805	-0.0668353	-0.0642402	-0.0555642	-0.0482563	-0.0498445	-0.0816007	-0.135991	-0.192795	-0.254057	-0.325866	-0.391052	-0.425244	-0.423627	-0.388434	-0.328969	-0.238624	-0.105513	0.0663615	0.23993	0.3979	0.541667	0.681116	0.806607	0.903633	0.950504	0.923157	0.829076	0.702746	0.591023	0.518807	0.488318	0.499929	0.535898	0.569593	0.564328	0.50107	0.381054	0.221694	0.0299356	-0.179354	-0.393649	-0.585637	-0.714276	-0.766429	-0.731929	-0.629717	-0.495656	-0.355634	-0.236984	-0.158292	-0.125948	-0.135713	-0.190596	-0.285896	-0.402223	-0.530389	-0.643279	-0.702564	-0.693933	-0.610071	-0.456053	-0.2604	-0.0538835	0.146846	0.346531	0.542928	0.701748	0.801193	0.8581	0.891964	0.912378	0.930022	0.954109	0.992568	1.03727	1.04104	0.951518	0.769149	0.534377	0.274733	0	
0	0.000957747	-0.000264234	-0.000584665	-0.00604691	-0.0110301	-0.0133419	-0.0175889	-0.0198893	-0.0175421	-0.0199187	-0.0214664	-0.0211832	-0.0315477	-0.0445117	-0.0557341	-0.0662709	-0.0770081	-0.0767043	-0.0657105	-0.0575096	-0.0532796	-0.0617596	-0.0883475	-0.13917	-0.20471	-0.263659	-0.325866	-0.389349	-0.433057	-0.433114	-0.397492	-0.333987	-0.248553	-0.131466	0.0260438	0.208753	0.379006	0.520519	0.646394	0.764844	0.866255	0.92966	0.936582	0.870633	0.746812	0.607026	0.496434	0.438512	0.426714	0.459506	0.511712	0.559122	0.562816	0.503291	0.385561	0.224129	0.0308555	-0.180369	-0.395378	-0.584813	-0.712459	-0.761848	-0.723223	-0.620435	-0.487418	-0.350793	-0.238625	-0.163732	-0.131429	-0.140785	-0.193604	-0.283631	-0.393538	-0.517082	-0.628719	-0.690063	-0.686462	-0.609639	-0.46159	-0.265651	-0.0475532	0.174774	0.395897	0.603593	0.762958	0.856399	0.899034	0.902699	0.875482	0.839125	0.81674	0.821749	0.845946	0.845309	0.773232	0.629757	0.444892	0.233141	0	
0	-0.00441758	-0.0140248	-0.0153885	-0.0181075	-0.0205073	-0.0180589	-0.0168661	-0.0155612	-0.0103255	-0.0107176	-0.018202	-0.0242258	-0.0372835	-0.053668	-0.0641843	-0.0695412	-0.0715405	-0.0625583	-0.0506115	-0.0515999	-0.0669337	-0.100515	-0.145361	-0.207496	-0.276125	-0.337039	-0.391052	-0.433057	-0.442934	-0.408406	-0.344261	-0.254388	-0.14217	0.00129573	0.172243	0.354438	0.510152	0.635011	0.741398	0.838291	0.908626	0.933774	0.900392	0.801941	0.65973	0.51695	0.416222	0.373842	0.38079	0.427382	0.491808	0.546117	0.553813	0.497619	0.380781	0.221496	0.0298785	-0.177816	-0.389772	-0.577999	-0.701599	-0.750133	-0.715037	-0.615025	-0.485902	-0.352874	-0.241856	-0.168378	-0.136012	-0.140417	-0.186163	-0.271022	-0.378129	-0.501477	-0.617048	-0.686412	-0.692005	-0.620478	-0.468526	-0.257376	-0.0167014	0.226551	0.459708	0.671139	0.829487	0.914238	0.932681	0.894821	0.817151	0.731654	0.664557	0.628494	0.620735	0.610135	0.559314	0.463982	0.338711	0.183427	0	
0	-0.00775485	-0.015357	-0.0179464	-0.0230369	-0.0234018	-0.0176547	-0.0157304	-0.0146385	-0.0128961	-0.020795	-0.0310551	-0.0395667	-0.0546716	-0.065187	-0.0650512	-0.058152	-0.0513243	-0.0442538	-0.0432758	-0.0645837	-0.10178	-0.150961	-0.20608	-0.271477	-0.341847	-0.393298	-0.425244	-0.433114	-0.408406	-0.345243	-0.254896	-0.138767	0.000280664	0.158517	0.330286	0.497939	0.635872	0.740393	0.824932	0.89112	0.92259	0.904801	0.834565	0.712	0.562653	0.426252	0.340403	0.317097	0.339358	0.400792	0.473528	0.534154	0.546585	0.492615	0.378847	0.222335	0.0344035	-0.171387	-0.380301	-0.56591	-0.693032	-0.7444	-0.710266	-0.613656	-0.487881	-0.35731	-0.246876	-0.169109	-0.129958	-0.12885	-0.170302	-0.25236	-0.360718	-0.491092	-0.617796	-0.697284	-0.705841	-0.626426	-0.456793	-0.223773	0.0357655	0.290698	0.5294	0.742264	0.894622	0.959096	0.941718	0.860162	0.739289	0.611665	0.499509	0.41758	0.375444	0.356256	0.327845	0.279366	0.213547	0.121011	0	
0	-0.00291984	-0.0107763	-0.0107657	-0.0106818	-0.0119879	-0.0123449	-0.0158997	-0.0233505	-0.029674	-0.0414643	-0.0563645	-0.0623377	-0.0663668	-0.064583	-0.0530795	-0.0408753	-0.040139	-0.04612	-0.0659174	-0.105247	-0.156066	-0.214371	-0.273322	-0.339566	-0.398245	-0.426103	-0.423627	-0.397492	-0.344261	-0.254896	-0.138661	0.00435632	0.158628	0.318976	0.476595	0.626167	0.743089	0.826067	0.881347	0.909616	0.898073	0.8411	0.743217	0.610049	0.463901	0.342071	0.275102	0.268981	0.308212	0.379553	0.461516	0.528225	0.544111	0.494327	0.383557	0.228815	0.041487	-0.162818	-0.373838	-0.562488	-0.688348	-0.741326	-0.712204	-0.61822	-0.492128	-0.35796	-0.241781	-0.158714	-0.114038	-0.107793	-0.148397	-0.235872	-0.354828	-0.497261	-0.6315	-0.70946	-0.706826	-0.609447	-0.420263	-0.171046	0.0993876	0.360872	0.601903	0.808805	0.941677	0.973716	0.918421	0.800474	0.644368	0.477364	0.320739	0.197488	0.129183	0.106125	0.0959031	0.0841877	0.0711802	0.045403	0	
0	0.00268216	0.00402307	0.00742387	0.00218761	-0.00361504	-0.00780634	-0.0209872	-0.0361694	-0.0479151	-0.0628018	-0.0709266	-0.0670937	-0.0628117	-0.0541361	-0.043716	-0.042875	-0.0572285	-0.0828438	-0.11668	-0.16873	-0.227644	-0.289764	-0.347195	-0.398659	-0.431521	-0.424045	-0.388434	-0.333987	-0.254388	-0.138767	0.00435632	0.162556	0.319332	0.465527	0.605063	0.732864	0.827809	0.881804	0.899644	0.885086	0.832514	0.745714	0.634488	0.502397	0.371211	0.269027	0.223356	0.237251	0.28947	0.373217	0.461466	0.531731	0.550434	0.500548	0.389108	0.234513	0.0467166	-0.160956	-0.372958	-0.562821	-0.694812	-0.750075	-0.71721	-0.618265	-0.486579	-0.346719	-0.224113	-0.134928	-0.0889996	-0.087879	-0.138174	-0.237085	-0.36509	-0.509735	-0.637445	-0.702079	-0.682866	-0.569107	-0.36645	-0.107273	0.169892	0.433076	0.666387	0.852572	0.954071	0.952023	0.865779	0.718475	0.529476	0.32494	0.132042	-0.0178785	-0.0992823	-0.123208	-0.123265	-0.11047	-0.0786558	-0.03716	0	
0	0.00738005	0.00746687	0.00878449	0.00576018	-0.00414428	-0.0177522	-0.0332716	-0.0489871	-0.0561323	-0.0604603	-0.0604713	-0.0498385	-0.0444189	-0.0443594	-0.0487797	-0.0647697	-0.0980613	-0.136964	-0.185698	-0.24644	-0.310605	-0.368379	-0.408938	-0.433185	-0.431529	-0.392126	-0.328969	-0.248553	-0.14217	0.000280664	0.158628	0.319332	0.462205	0.59073	0.709334	0.816307	0.88347	0.901392	0.878143	0.822745	0.74031	0.638531	0.52752	0.409304	0.296891	0.217333	0.192184	0.22075	0.286603	0.376621	0.469905	0.542903	0.559959	0.508337	0.394621	0.234562	0.0408088	-0.170143	-0.387549	-0.579072	-0.703788	-0.750755	-0.711317	-0.605332	-0.465724	-0.319245	-0.196074	-0.113089	-0.0763072	-0.0857451	-0.145884	-0.248487	-0.372371	-0.507033	-0.620392	-0.66944	-0.636724	-0.512062	-0.300613	-0.0356555	0.240898	0.492887	0.703226	0.858362	0.927944	0.898327	0.786899	0.611349	0.390625	0.157108	-0.0552608	-0.213972	-0.298091	-0.322778	-0.319043	-0.289232	-0.218709	-0.114965	0	
0	-0.00431497	-0.00971066	-0.0128622	-0.0245336	-0.0341468	-0.0375352	-0.0436404	-0.0449679	-0.0387447	-0.0351682	-0.0312141	-0.0256865	-0.0329285	-0.0474615	-0.0683204	-0.103027	-0.150411	-0.205357	-0.262327	-0.328253	-0.384265	-0.422601	-0.434426	-0.426104	-0.394428	-0.327715	-0.238624	-0.131466	0.00129573	0.158517	0.318976	0.465527	0.59073	0.698249	0.797217	0.877252	0.908829	0.885659	0.82114	0.735501	0.636268	0.53413	0.436106	0.335947	0.247088	0.188007	0.180503	0.223329	0.295355	0.390314	0.483122	0.55102	0.562423	0.503235	0.381476	0.217816	0.0229345	-0.188811	-0.400199	-0.582594	-0.701463	-0.740106	-0.68953	-0.575568	-0.434982	-0.295202	-0.18143	-0.108287	-0.0816423	-0.0965809	-0.154477	-0.248761	-0.360445	-0.4803	-0.578527	-0.615236	-0.573116	-0.441043	-0.226485	0.0333663	0.293984	0.52011	0.699692	0.8249	0.868395	0.815326	0.678915	0.476047	0.23187	-0.0141181	-0.227545	-0.382181	-0.463918	-0.488627	-0.480691	-0.433956	-0.329258	-0.175188	0	
0	-0.014915	-0.0326758	-0.0450591	-0.0518962	-0.0551092	-0.0537908	-0.0479769	-0.0409224	-0.0288006	-0.023215	-0.0232053	-0.0238392	-0.04111	-0.0688445	-0.10349	-0.150954	-0.2119	-0.272151	-0.331111	-0.38346	-0.41828	-0.426213	-0.408402	-0.372243	-0.314617	-0.221039	-0.105513	0.0260438	0.172243	0.330286	0.476595	0.605063	0.709334	0.797217	0.870757	0.91622	0.906806	0.841319	0.746142	0.641972	0.541403	0.449935	0.368277	0.288483	0.216092	0.172185	0.17593	0.222795	0.298454	0.391436	0.480813	0.54564	0.551306	0.488219	0.366908	0.2031	0.00999501	-0.19501	-0.401629	-0.576874	-0.683544	-0.713049	-0.660798	-0.552524	-0.420072	-0.287943	-0.18329	-0.117209	-0.0898126	-0.0987376	-0.148061	-0.228698	-0.324105	-0.42959	-0.515084	-0.541218	-0.493424	-0.36317	-0.160186	0.0782135	0.310257	0.505662	0.657071	0.757262	0.776796	0.699681	0.539992	0.318818	0.067296	-0.17392	-0.376407	-0.521383	-0.597435	-0.616597	-0.59666	-0.528452	-0.395097	-0.208803	0	
0	-0.0180776	-0.0332813	-0.0410101	-0.0502211	-0.0522883	-0.0468378	-0.0428359	-0.0375181	-0.0315369	-0.0340118	-0.0441795	-0.0582555	-0.0895401	-0.128994	-0.174575	-0.232173	-0.292697	-0.34614	-0.383437	-0.410405	-0.412197	-0.390334	-0.343578	-0.280998	-0.194187	-0.0725757	0.0663615	0.208753	0.354438	0.497939	0.626167	0.732864	0.816307	0.877252	0.91622	0.919438	0.86502	0.765265	0.648127	0.540055	0.446864	0.370119	0.306914	0.241155	0.183577	0.150277	0.161926	0.215469	0.292899	0.387714	0.477858	0.540072	0.544244	0.481237	0.359518	0.199958	0.0130909	-0.188506	-0.389102	-0.558863	-0.667047	-0.700265	-0.651282	-0.5461	-0.417946	-0.291912	-0.188746	-0.118804	-0.0860182	-0.0853686	-0.119616	-0.183834	-0.264393	-0.355565	-0.428889	-0.451463	-0.411789	-0.299964	-0.123721	0.0835358	0.28481	0.452684	0.579448	0.654904	0.649298	0.551108	0.378875	0.155857	-0.0869643	-0.313153	-0.500494	-0.633012	-0.697044	-0.699989	-0.657383	-0.564065	-0.410758	-0.213508	0	
0	-0.00420692	-0.0102103	-0.0154332	-0.0181709	-0.0197862	-0.0217931	-0.0255473	-0.0331985	-0.0413758	-0.0617416	-0.0891421	-0.118962	-0.166482	-0.219956	-0.272612	-0.327142	-0.375063	-0.403921	-0.415535	-0.410369	-0.384712	-0.332596	-0.259191	-0.166125	-0.0515605	0.0930629	0.23993	0.379006	0.510152	0.635872	0.743089	0.827809	0.88347	0.908829	0.906806	0.86502	0.77534	0.651787	0.530976	0.430319	0.353497	0.296502	0.249142	0.198878	0.152162	0.129184	0.150855	0.209544	0.293465	0.392609	0.484906	0.549887	0.554422	0.490577	0.371215	0.211034	0.0208148	-0.182545	-0.388445	-0.562335	-0.669841	-0.700732	-0.650382	-0.547495	-0.420632	-0.291121	-0.183861	-0.108172	-0.0627652	-0.0468114	-0.0669393	-0.114276	-0.177747	-0.259039	-0.332764	-0.367645	-0.351542	-0.270587	-0.127687	0.0482042	0.22147	0.363248	0.464183	0.514033	0.48787	0.381149	0.213531	0.00384141	-0.221599	-0.429909	-0.600257	-0.714704	-0.756537	-0.731999	-0.659703	-0.54295	-0.381603	-0.193627	0	
0	0.00293008	0.00690324	0.011886	0.0114099	0.00948516	0.00315017	-0.0101006	-0.0301391	-0.0568404	-0.0943089	-0.142233	-0.192239	-0.254191	-0.310926	-0.35745	-0.39899	-0.424214	-0.428817	-0.41254	-0.382904	-0.328486	-0.249106	-0.145406	-0.0276038	0.10726	0.256987	0.3979	0.520519	0.635011	0.740393	0.826067	0.881804	0.901392	0.885659	0.841319	0.765265	0.651787	0.524161	0.412003	0.330094	0.275287	0.23748	0.208369	0.169822	0.135775	0.124502	0.156279	0.224465	0.315039	0.417988	0.512873	0.574792	0.572986	0.503741	0.375976	0.208911	0.0143506	-0.195067	-0.403062	-0.574906	-0.681373	-0.710073	-0.656477	-0.547734	-0.412933	-0.277592	-0.161506	-0.072361	-0.0136942	0.0170698	0.0151776	-0.0170767	-0.0761435	-0.162973	-0.250742	-0.310679	-0.327609	-0.280867	-0.170347	-0.0247256	0.119392	0.232967	0.308719	0.339876	0.307088	0.209076	0.0603034	-0.12866	-0.334669	-0.523529	-0.671592	-0.758613	-0.768438	-0.710689	-0.60968	-0.477322	-0.320884	-0.157658	0	
0	0.010274	0.0195711	0.0227979	0.0211757	0.0151045	0.00064986	-0.0240981	-0.058184	-0.0993208	-0.154274	-0.21176	-0.264327	-0.321419	-0.367268	-0.396699	-0.41698	-0.418653	-0.398597	-0.35995	-0.303167	-0.222347	-0.113847	0.010033	0.142093	0.277475	0.419205	0.541667	0.646394	0.741398	0.824932	0.881347	0.899644	0.878143	0.82114	0.746142	0.648127	0.530976	0.412003	0.320762	0.262823	0.229644	0.211906	0.194817	0.16723	0.141861	0.138884	0.179482	0.251877	0.345158	0.448679	0.539447	0.594458	0.584449	0.504491	0.369555	0.196009	-0.00614152	-0.219709	-0.430455	-0.600709	-0.700568	-0.718661	-0.651815	-0.532624	-0.388587	-0.240475	-0.110818	-0.00843285	0.0669264	0.112213	0.115597	0.0820326	0.0152861	-0.0880974	-0.200459	-0.291047	-0.341143	-0.327897	-0.251401	-0.139295	-0.0262239	0.062132	0.122464	0.150002	0.126842	0.0500917	-0.0736319	-0.240097	-0.424604	-0.588243	-0.704896	-0.755822	-0.730017	-0.64248	-0.521759	-0.385268	-0.244756	-0.115027	0	
0	0.00451422	0.00886399	0.00706067	-0.00111586	-0.016472	-0.0451163	-0.0815042	-0.126673	-0.176715	-0.228943	-0.281025	-0.322635	-0.364138	-0.387252	-0.392536	-0.389909	-0.366252	-0.320052	-0.253366	-0.168209	-0.0606143	0.0664863	0.199153	0.327273	0.453213	0.57705	0.681116	0.764844	0.838291	0.89112	0.909616	0.885086	0.822745	0.735501	0.641972	0.540055	0.430319	0.330094	0.262823	0.226466	0.213071	0.20697	0.199095	0.175943	0.155846	0.159338	0.205015	0.27984	0.374655	0.474691	0.560237	0.606209	0.58274	0.492471	0.347635	0.165417	-0.0406686	-0.256205	-0.463455	-0.623821	-0.710672	-0.712094	-0.629916	-0.495053	-0.332343	-0.168869	-0.0261003	0.0880617	0.167805	0.209794	0.207428	0.164011	0.0782143	-0.0491033	-0.186312	-0.306552	-0.391631	-0.415731	-0.376692	-0.298313	-0.210662	-0.135324	-0.0745291	-0.0359824	-0.0395633	-0.0903002	-0.187087	-0.327961	-0.484106	-0.613126	-0.69043	-0.703091	-0.647309	-0.541698	-0.414722	-0.285348	-0.16763	-0.0735033	0	
